Sample	No	Stn	Individual	Initial depth	Final Depth	Year	Date	Long	Lat	Size	RFLP_diagnostic	Msat_diagnostic	Combined_diagnostic	EL696609	EL696609	EL585922	EL585922	EH666870	EH666870	EL773519	EL773519	EH666474	EH666474	EL773359	EL773359	FK868270	FK868270	FG632811	FG632811	FK670364	FK670364	FK867682	FK867682
Ech1	1	CAPC	3	126	0	2009	21-juil-09	-70.7	48.4	3.1	G	H	H	114	114	163	163	135	141	191	191	136	136	133	133	238	241	244	247	288	294	170	170
Ech1	2	CAPC	4	126	0	2009	21-juil-09	-70.7	48.4	3.3	G	H	H	114	114	163	163	135	141	191	197	133	133	0	0	238	241	244	247	282	285	168	170
Ech1	3	CAPC	5	126	0	2009	21-juil-09	-70.7	48.4	3.1	G	H	H	114	114	163	163	135	141	191	197	133	133	133	133	238	241	247	247	288	291	170	170
Ech1	4	CAPC	6	126	0	2009	21-juil-09	-70.7	48.4	3.2	G	H	H	114	114	163	163	135	141	191	197	133	133	133	133	238	241	244	247	288	294	170	170
Ech1	5	CAPC	7	126	0	2009	21-juil-09	-70.7	48.4	3.2	G	G	G	114	114	163	163	135	141	191	197	133	133	133	133	238	238	247	247	285	291	170	170
Ech1	6	CAPC	8	126	0	2009	21-juil-09	-70.7	48.4	3.1	G	H	H	114	114	163	163	135	141	191	197	133	133	133	133	238	241	247	247	288	288	170	170
Ech1	7	CAPC	9	126	0	2009	21-juil-09	-70.7	48.4	2.5	F	H	H	118	118	163	163	141	141	191	191	133	133	127	133	232	238	247	247	291	297	168	168
Ech1	8	CAPC	10	126	0	2009	21-juil-09	-70.7	48.4	3.2	G	H	H	114	114	163	163	135	141	191	197	133	133	133	136	238	244	247	247	288	294	170	170
Ech1	9	CAPC	11	126	0	2009	21-juil-09	-70.7	48.4	3.2	G	G	G	114	114	163	163	135	135	191	197	133	133	133	133	238	241	247	247	291	294	170	170
Ech1	10	CAPC	12	126	0	2009	21-juil-09	-70.7	48.4	2.7	F	F	F	116	120	163	163	141	141	191	197	133	133	127	133	238	244	247	247	288	288	170	170
Ech1	11	CAPC	13	126	0	2009	21-juil-09	-70.7	48.4	2.8	G	H	H	118	126	163	163	135	141	191	197	133	133	127	133	238	241	247	247	288	288	170	170
Ech1	12	CAPC	14	126	0	2009	21-juil-09	-70.7	48.4	3	G	H	H	114	114	163	163	135	141	191	197	133	133	133	133	238	241	244	247	288	294	168	170
Ech1	13	CAPC	15	126	0	2009	21-juil-09	-70.7	48.4	2.8	F	F	F	118	122	163	163	138	141	191	194	133	133	130	133	238	238	247	247	291	291	168	170
Ech1	14	CAPC	16	126	0	2009	21-juil-09	-70.7	48.4	2.6	G	H	H	114	118	163	163	0	0	191	197	133	133	127	133	238	241	247	247	276	285	168	170
Ech1	15	CAPC	17	126	0	2009	21-juil-09	-70.7	48.4	2.8	F	F	F	118	120	163	163	138	141	191	191	133	136	124	127	241	241	247	250	285	285	170	170
Ech1	16	CAPC	18	126	0	2009	21-juil-09	-70.7	48.4	2.6	F	F	F	118	120	163	163	141	141	191	191	133	136	124	124	241	241	247	247	288	294	168	170
Ech1	17	CAPC	19	126	0	2009	21-juil-09	-70.7	48.4	2.8	G	H	H	112	114	163	163	135	141	191	197	133	133	127	133	238	241	250	250	288	294	168	170
Ech1	18	CAPC	20	126	0	2009	21-juil-09	-70.7	48.4	2.6	F	F	F	116	120	163	163	138	141	191	197	133	133	133	133	238	241	247	247	288	288	170	170
Ech1	19	CAPC	21	126	0	2009	21-juil-09	-70.7	48.4	2.8	G	H	H	114	114	163	163	135	141	191	197	133	133	133	133	238	238	247	247	285	294	170	170
Ech1	20	CAPC	22	126	0	2009	21-juil-09	-70.7	48.4	2.5	F	F	F	120	120	163	163	138	141	194	197	133	133	127	154	238	238	247	247	294	294	166	170
Ech1	21	CAPC	23	126	0	2009	21-juil-09	-70.7	48.4	2.5	F	H	H	116	118	163	163	141	141	191	197	133	133	133	133	238	241	247	247	288	294	170	170
Ech1	22	CAPC	24	126	0	2009	21-juil-09	-70.7	48.4	2.6	F	H	H	118	118	163	163	138	141	191	197	133	133	127	133	238	238	247	247	288	288	168	168
Ech1	23	CAPC	25	126	0	2009	21-juil-09	-70.7	48.4	2.6	F	H	H	120	124	163	163	141	144	191	197	133	133	130	133	238	238	247	247	285	285	168	170
Ech1	24	CAPC	26	126	0	2009	21-juil-09	-70.7	48.4	2.3	F	F	F	114	118	163	163	141	144	191	191	133	136	133	133	241	241	247	247	288	291	170	170
Ech1	25	CAPC	27	126	0	2009	21-juil-09	-70.7	48.4	2.5	F	F	F	116	120	163	163	138	141	191	197	133	136	124	130	238	241	247	247	291	291	168	170
Ech1	26	CAPC	28	126	0	2009	21-juil-09	-70.7	48.4	2.1	F	F	F	118	120	163	163	138	141	191	194	133	136	127	133	241	241	247	247	291	291	170	170
Ech1	27	CAPC	29	126	0	2009	21-juil-09	-70.7	48.4	2.6	F	F	F	116	120	163	163	138	141	191	197	133	133	127	142	238	238	247	247	294	294	170	170
Ech1	28	CAPC	30	126	0	2009	21-juil-09	-70.7	48.4	2.7	F	F	F	114	120	163	163	138	138	191	191	133	133	124	133	238	238	247	247	288	291	170	170
Ech1	29	CAPC	31	126	0	2009	21-juil-09	-70.7	48.4	2.6	F	F	F	120	120	163	163	138	141	0	0	133	133	133	133	238	238	247	247	291	291	170	170
Ech1	30	CAPC	32	126	0	2009	21-juil-09	-70.7	48.4	2.4	F	F	F	120	120	163	163	141	141	191	197	133	133	130	133	238	238	247	247	0	0	170	170
Ech2	31	DMC-2	1	110	0	2009	2022-09-09	-69.5	43.8	2.5	F	F	F	122	124	163	163	138	141	191	194	133	136	133	133	241	241	247	247	282	288	168	170
Ech2	32	DMC-2	2	110	0	2009	2022-09-09	-69.5	43.8	2.2	F	F	F	118	122	163	163	141	141	191	191	133	136	133	133	241	241	247	247	288	288	170	170
Ech2	33	DMC-2	3	110	0	2009	2022-09-09	-69.5	43.8	2.5	F	F	F	120	120	163	163	138	141	191	191	133	136	133	133	241	241	247	247	291	291	170	170
Ech2	34	DMC-2	4	110	0	2009	2022-09-09	-69.5	43.8	2.4	F	F	F	116	122	163	163	138	141	191	191	136	136	127	130	238	241	247	247	282	288	170	170
Ech2	35	DMC-2	5	110	0	2009	2022-09-09	-69.5	43.8	2.5	F	F	F	118	124	163	163	141	141	191	191	133	136	133	133	238	241	247	247	288	291	170	170
Ech2	36	DMC-2	6	110	0	2009	2022-09-09	-69.5	43.8	2.4	F	F	F	120	124	163	163	141	141	191	197	133	133	133	133	238	238	247	247	291	291	168	170
Ech2	37	DMC-2	7	110	0	2009	2022-09-09	-69.5	43.8	2.5	F	F	F	120	120	163	163	138	141	191	191	133	133	127	133	238	238	247	247	288	288	170	170
Ech2	38	DMC-2	8	110	0	2009	2022-09-09	-69.5	43.8	2.2	F	F	F	120	122	163	163	138	141	191	197	133	139	127	133	244	244	244	244	291	291	168	170
Ech2	39	DMC-2	9	110	0	2009	2022-09-09	-69.5	43.8	2.4	F	F	F	118	124	163	163	138	141	191	194	133	133	124	133	0	0	247	247	291	291	168	170
Ech2	40	DMC-2	10	110	0	2009	2022-09-09	-69.5	43.8	2.4	F	F	F	118	120	163	163	138	141	191	191	133	133	124	127	238	238	247	247	288	291	168	168
Ech2	41	DMC-2	11	110	0	2009	2022-09-09	-69.5	43.8	2.5	F	F	F	116	118	163	172	141	141	191	191	133	133	133	133	238	238	247	247	291	291	168	170
Ech2	42	DMC-2	12	110	0	2009	2022-09-09	-69.5	43.8	2	F	F	F	116	118	163	163	138	141	191	194	133	133	124	133	238	238	247	247	291	291	168	170
Ech2	43	DMC-2	13	110	0	2009	2022-09-09	-69.5	43.8	2.5	F	F	F	112	116	163	163	138	141	191	191	0	0	127	133	232	238	241	247	291	291	164	166
Ech2	44	DMC-2	14	110	0	2009	2022-09-09	-69.5	43.8	2.3	F	F	F	116	116	163	187	141	141	191	191	133	133	124	124	238	238	247	247	288	297	170	170
Ech2	45	DMC-2	15	110	0	2009	2022-09-09	-69.5	43.8	2.4	F	F	F	120	120	163	163	141	141	191	197	133	133	133	136	238	238	247	247	288	291	168	170
Ech2	46	DMC-2	16	110	0	2009	2022-09-09	-69.5	43.8	2.1	F	F	F	118	124	163	163	138	141	191	191	133	139	127	130	238	238	247	247	285	288	168	170
Ech2	47	DMC-2	17	110	0	2009	2022-09-09	-69.5	43.8	2.2	F	F	F	118	120	163	163	138	141	0	0	133	133	124	127	238	238	247	247	303	303	170	170
Ech2	48	DMC-2	18	110	0	2009	2022-09-09	-69.5	43.8	2.8	F	F	F	120	120	163	163	141	141	191	191	133	136	124	133	238	238	247	247	0	0	168	168
Ech2	49	DMC-2	19	110	0	2009	2022-09-09	-69.5	43.8	2.4	F	F	F	116	116	163	163	0	0	191	191	133	136	127	133	241	241	247	247	291	291	168	168
Ech2	50	DMC-2	20	110	0	2009	2022-09-09	-69.5	43.8	2.1	F	F	F	118	120	163	163	141	141	191	191	133	133	124	124	238	238	247	247	291	291	170	170
Ech2	51	DMC-2	21	110	0	2009	2022-09-09	-69.5	43.8	2.5	F	F	F	118	120	163	163	138	141	185	191	133	136	124	142	238	241	247	247	288	291	168	170
Ech2	52	DMC-2	22	110	0	2009	2022-09-09	-69.5	43.8	2.4	F	F	F	124	128	163	163	141	141	191	191	133	133	133	133	238	238	247	247	294	294	170	170
Ech2	53	DMC-2	23	110	0	2009	2022-09-09	-69.5	43.8	2.4	F	F	F	116	120	163	163	141	141	191	191	133	133	124	130	238	238	247	247	282	282	168	170
Ech2	54	DMC-2	24	110	0	2009	2022-09-09	-69.5	43.8	2.4	F	H	H	116	118	163	163	132	135	191	191	133	133	133	133	238	241	247	247	285	291	170	170
Ech2	55	DMC-2	25	110	0	2009	2022-09-09	-69.5	43.8	2.3	F	F	F	120	124	163	163	138	141	191	191	133	133	130	133	238	238	247	247	288	291	168	170
Ech2	56	DMC-2	26	110	0	2009	2022-09-09	-69.5	43.8	2.2	F	F	F	118	120	163	166	141	147	191	191	133	133	130	133	238	238	247	247	288	288	170	170
Ech2	57	DMC-2	27	110	0	2009	2022-09-09	-69.5	43.8	2	F	F	F	118	124	163	163	138	141	191	191	133	133	127	130	238	238	247	247	294	294	170	170
Ech2	58	DMC-2	28	110	0	2009	2022-09-09	-69.5	43.8	2.5	F	F	F	116	124	163	163	138	141	191	191	133	133	124	142	238	238	247	247	282	282	168	168
Ech2	59	DMC-2	29	110	0	2009	2022-09-09	-69.5	43.8	2.3	F	F	F	118	118	163	163	141	141	191	191	133	139	127	127	241	241	247	247	288	288	168	176
Ech2	60	DMC-2	30	110	0	2009	2022-09-09	-69.5	43.8	2.2	F	F	F	118	130	163	163	138	141	191	194	133	133	133	133	238	238	247	247	294	294	168	170
Ech2	61	DMC-2	31	110	0	2009	2022-09-09	-69.5	43.8	2	F	F	F	116	118	163	163	138	141	191	191	133	133	130	133	238	238	247	247	291	291	170	170
Ech2	62	DMC-2	32	110	0	2009	2022-09-09	-69.5	43.8	2.1	F	H	H	116	118	163	163	141	141	191	197	133	133	133	133	238	241	247	247	288	294	168	170
Ech2	63	DMC-2	33	110	0	2009	2022-09-09	-69.5	43.8	2.3	F	F	F	118	118	163	163	141	144	191	191	133	133	127	133	238	238	247	247	291	294	168	170
Ech2	64	DMC-2	34	110	0	2009	2022-09-09	-69.5	43.8	2.2	F	F	F	118	118	163	163	138	141	191	191	133	133	124	133	238	238	247	247	288	294	170	170
Ech2	65	DMC-2	35	110	0	2009	2022-09-09	-69.5	43.8	2.4	F	F	F	120	122	163	163	0	0	191	191	133	133	124	133	238	238	247	247	288	288	168	170
Ech2	66	DMC-2	36	110	0	2009	2022-09-09	-69.5	43.8	2.4	F	F	F	120	122	163	163	138	141	191	191	133	133	127	133	238	238	247	247	288	288	170	170
Ech2	67	DMC-2	37	110	0	2009	2022-09-09	-69.5	43.8	2.4	F	F	F	116	118	163	163	138	141	191	191	133	133	124	133	238	238	247	247	288	288	168	168
Ech2	68	DMC-2	38	110	0	2009	2022-09-09	-69.5	43.8	2.4	F	F	F	118	128	163	163	141	141	0	0	133	136	133	133	238	241	247	247	288	294	170	170
Ech2	69	DMC-2	39	110	0	2009	2022-09-09	-69.5	43.8	2.2	F	F	F	116	116	163	166	138	141	191	191	133	133	124	127	238	238	247	247	288	288	168	168
Ech2	70	DMC-2	40	110	0	2009	2022-09-09	-69.5	43.8	2.3	F	F	F	118	120	163	163	141	141	191	194	133	133	124	124	238	238	247	247	291	291	168	170
Ech2	71	DMC-2	41	110	0	2009	2022-09-09	-69.5	43.8	2.3	F	F	F	116	124	163	163	138	141	191	197	133	136	127	130	238	241	247	247	282	282	170	170
Ech2	72	DMC-2	42	110	0	2009	2022-09-09	-69.5	43.8	2.3	F	F	F	116	118	163	181	141	141	191	197	133	133	124	127	238	238	247	247	294	294	170	170
Ech2	73	DMC-2	43	110	0	2009	2022-09-09	-69.5	43.8	2.2	F	F	F	116	124	163	163	141	141	191	194	133	133	130	133	238	238	247	247	288	288	168	170
Ech2	74	DMC-2	44	110	0	2009	2022-09-09	-69.5	43.8	2.3	F	F	F	120	122	163	163	141	141	191	197	133	136	124	133	0	0	247	247	288	294	170	170
Ech2	75	DMC-2	45	110	0	2009	2022-09-09	-69.5	43.8	2.2	F	H	H	114	118	163	163	141	144	191	197	133	133	124	133	238	238	247	247	288	291	170	170
Ech2	76	DMC-2	46	110	0	2009	2022-09-09	-69.5	43.8	2.1	F	F	F	116	120	163	163	138	141	188	188	136	136	130	133	241	241	247	247	288	288	170	170
Ech2	77	DMC-2	47	110	0	2009	2022-09-09	-69.5	43.8	2.1	F	H	H	116	128	163	163	138	141	191	197	133	133	124	133	238	247	247	247	285	285	170	170
Ech2	78	DMC-2	48	110	0	2009	2022-09-09	-69.5	43.8	2.2	F	F	F	118	120	163	163	141	141	191	191	136	136	124	133	241	241	247	247	288	291	170	170
Ech3	79	FC-33	1	1000	0	2008	2010-07-08	-43.4	47	2.2	F	F	F	120	124	163	163	129	141	191	194	133	133	130	130	238	238	247	247	288	303	170	170
Ech3	80	FC-33	2	1000	0	2008	2010-07-08	-43.4	47	2.6	F	F	F	112	126	163	163	141	141	191	191	133	133	124	124	238	238	247	247	291	291	170	170
Ech3	81	FC-33	4	1000	0	2008	2010-07-08	-43.4	47	2.5	F	H	H	120	122	163	163	138	138	191	191	133	133	127	133	238	238	247	247	285	285	170	170
Ech3	82	FC-33	5	1000	0	2008	2010-07-08	-43.4	47	2.5	F	F	F	118	118	163	163	138	141	191	194	133	133	124	133	238	238	247	247	291	291	170	170
Ech3	83	FC-33	6	1000	0	2008	2010-07-08	-43.4	47	2.7	F	F	F	122	124	163	166	141	141	191	191	133	136	133	133	238	241	247	247	0	0	168	170
Ech3	84	FC-33	7	1000	0	2008	2010-07-08	-43.4	47	3	F	F	F	118	120	163	163	138	141	191	191	133	133	130	133	238	250	247	247	288	297	170	170
Ech3	85	FC-33	8	1000	0	2008	2010-07-08	-43.4	47	2.6	F	F	F	118	118	163	163	141	141	191	191	133	133	124	133	238	238	247	247	291	297	168	170
Ech3	86	FC-33	9	1000	0	2008	2010-07-08	-43.4	47	2.5	F	H	H	120	120	163	163	138	138	191	197	133	133	133	133	238	238	247	247	288	288	168	170
Ech3	87	FC-33	10	1000	0	2008	2010-07-08	-43.4	47	2.3	F	F	F	116	120	163	163	138	144	191	191	133	133	127	130	238	238	247	247	288	291	170	170
Ech3	88	FC-33	11	1000	0	2008	2010-07-08	-43.4	47	2.4	F	F	F	114	120	163	163	138	138	191	191	133	136	124	136	238	241	247	247	285	300	170	170
Ech3	89	FC-33	12	1000	0	2008	2010-07-08	-43.4	47	2.6	F	F	F	118	118	163	163	138	138	191	191	133	133	124	124	238	238	247	247	294	294	170	170
Ech3	90	FC-33	13	1000	0	2008	2010-07-08	-43.4	47	2.4	F	F	F	116	118	148	163	138	138	191	191	133	136	124	133	238	241	247	247	288	288	168	170
Ech3	91	FC-33	14	1000	0	2008	2010-07-08	-43.4	47	2.5	F	F	F	116	118	163	163	138	141	191	191	133	133	127	133	238	238	247	247	288	288	170	170
Ech3	92	FC-33	15	1000	0	2008	2010-07-08	-43.4	47	2.5	F	H	H	118	124	151	163	135	141	191	191	133	133	133	133	238	238	247	247	282	291	170	170
Ech3	93	FC-33	16	1000	0	2008	2010-07-08	-43.4	47	2.1	F	F	F	116	118	163	163	141	141	191	191	133	133	127	127	238	238	247	247	288	288	170	170
Ech3	94	FC-33	17	1000	0	2008	2010-07-08	-43.4	47	2.3	F	F	F	116	118	163	163	138	141	191	191	133	133	127	133	238	238	247	247	291	291	170	170
Ech3	95	FC-33	18	1000	0	2008	2010-07-08	-43.4	47	2.4	F	F	F	118	118	163	163	138	141	191	191	133	136	133	133	238	238	247	247	282	288	168	170
Ech3	96	FC-33	19	1000	0	2008	2010-07-08	-43.4	47	2.2	F	F	F	110	118	163	163	138	138	188	191	133	133	124	133	238	238	247	247	282	282	170	170
Ech3	97	FC-33	20	1000	0	2008	2010-07-08	-43.4	47	2.3	F	F	F	116	118	151	163	141	141	191	191	133	133	127	133	238	238	247	247	288	288	170	170
Ech3	98	FC-33	21	1000	0	2008	2010-07-08	-43.4	47	2.1	F	F	F	118	118	163	163	138	141	191	194	133	133	124	136	238	238	244	247	288	288	170	170
Ech3	99	FC-33	22	1000	0	2008	2010-07-08	-43.4	47	2.4	F	F	F	118	118	163	163	138	141	191	191	133	133	130	136	238	238	247	247	288	294	168	168
Ech3	100	FC-33	23	1000	0	2008	2010-07-08	-43.4	47	2.2	F	F	F	112	118	163	163	141	141	191	194	133	133	127	130	238	238	247	247	288	297	168	170
Ech3	101	FC-33	24	1000	0	2008	2010-07-08	-43.4	47	2.3	F	F	F	118	118	163	163	141	141	191	191	133	133	124	133	238	238	247	247	288	294	170	170
Ech3	102	FC-33	25	1000	0	2008	2010-07-08	-43.4	47	2.8	F	F	F	118	120	163	163	141	141	191	191	133	133	124	133	238	238	247	247	288	294	170	170
Ech3	103	FC-33	26	1000	0	2008	2010-07-08	-43.4	47	2.3	F	F	F	114	116	163	163	141	141	191	191	133	136	124	133	238	241	247	247	288	294	168	168
Ech3	104	FC-33	27	1000	0	2008	2010-07-08	-43.4	47	2.7	F	F	F	116	120	163	163	138	141	191	194	133	133	124	133	238	238	247	247	291	291	170	170
Ech3	105	FC-33	28	1000	0	2008	2010-07-08	-43.4	47	2.1	F	F	F	116	130	163	163	141	141	191	191	133	133	127	133	238	238	247	247	288	294	168	168
Ech3	106	FC-33	29	1000	0	2008	2010-07-08	-43.4	47	2.3	F	F	F	114	120	163	163	141	141	188	194	133	133	124	133	238	238	247	247	288	294	170	170
Ech3	107	FC-33	30	1000	0	2008	2010-07-08	-43.4	47	2.5	F	F	F	116	118	163	163	141	141	191	191	133	133	133	136	238	238	247	247	288	294	168	168
Ech3	108	FC-33	31	1000	0	2008	2010-07-08	-43.4	47	2.7	F	F	F	118	122	163	163	141	141	191	191	133	136	124	127	238	238	247	247	288	294	170	170
Ech3	109	FC-33	32	1000	0	2008	2010-07-08	-43.4	47	3.5	G	H	H	114	114	163	163	135	141	191	191	133	133	133	133	238	238	247	247	288	294	170	170
Ech3	110	FC-33	33	1000	0	2008	2010-07-08	-43.4	47	2.6	F	F	F	118	122	163	163	138	141	191	191	133	133	142	142	238	238	247	247	282	282	168	170
Ech3	111	FC-33	34	1000	0	2008	2010-07-08	-43.4	47	2.3	F	F	F	116	118	163	166	141	141	191	191	133	133	127	133	238	238	247	247	288	294	170	170
Ech3	112	FC-33	35	1000	0	2008	2010-07-08	-43.4	47	2.7	F	H	H	118	126	163	163	138	141	191	197	133	136	133	133	238	241	244	247	0	0	170	170
Ech3	113	FC-33	37	1000	0	2008	2010-07-08	-43.4	47	2.4	F	F	F	0	0	163	163	138	141	191	191	133	133	133	133	238	238	247	247	294	294	170	170
Ech3	114	FC-33	38	1000	0	2008	2010-07-08	-43.4	47	2.3	F	F	F	120	126	163	163	141	141	191	191	133	133	0	0	238	238	247	247	291	294	168	168
Ech3	115	FC-33	39	1000	0	2008	2010-07-08	-43.4	47	2.5	F	F	F	116	120	163	163	138	141	188	188	133	136	127	133	241	241	247	247	282	282	170	170
Ech3	116	FC-33	40	1000	0	2008	2010-07-08	-43.4	47	2.6	F	F	F	118	126	163	163	141	141	191	191	133	133	127	133	238	238	247	247	288	288	170	170
Ech3	117	FC-33	41	1000	0	2008	2010-07-08	-43.4	47	2.2	F	F	F	118	118	163	163	141	141	191	191	133	133	124	130	238	238	247	247	294	294	170	170
Ech3	118	FC-33	42	1000	0	2008	2010-07-08	-43.4	47	2.8	F	F	F	116	118	163	163	138	141	191	191	133	133	127	133	238	241	247	247	0	0	170	170
Ech3	119	FC-33	43	1000	0	2008	2010-07-08	-43.4	47	2.2	F	F	F	118	120	163	163	138	141	188	188	133	133	127	127	238	238	247	250	291	294	170	170
Ech3	120	FC-33	44	1000	0	2008	2010-07-08	-43.4	47	2.2	F	F	F	118	120	163	163	138	141	191	191	133	136	133	133	238	241	247	247	291	291	170	170
Ech3	121	FC-33	45	1000	0	2008	2010-07-08	-43.4	47	2.8	F	F	F	118	122	163	163	141	141	191	191	133	133	130	133	238	238	247	247	288	291	170	170
Ech3	122	FC-33	46	1000	0	2008	2010-07-08	-43.4	47	2.7	F	F	F	118	126	163	163	141	141	191	197	133	133	127	127	238	238	247	247	291	291	168	170
Ech3	123	FC-33	47	1000	0	2008	2010-07-08	-43.4	47	2.4	F	H	H	118	118	163	163	138	141	191	194	133	133	130	133	238	238	244	247	291	297	168	168
Ech3	124	FC-33	48	1000	0	2008	2010-07-08	-43.4	47	2.9	F	F	F	118	118	163	163	141	147	191	191	133	136	133	133	241	241	247	247	285	291	170	170
Ech4	125	LL7	1	100	0	2008	2018-10-08	-58.2	44.1	2.4	F	F	F	118	120	163	163	138	141	191	191	133	133	133	142	238	238	247	247	291	294	166	170
Ech4	126	LL7	2	100	0	2008	2018-10-08	-58.2	44.1	2.4	F	F	F	120	122	163	163	141	141	191	191	133	136	133	133	241	241	247	247	294	294	170	170
Ech4	127	LL7	3	100	0	2008	2018-10-08	-58.2	44.1	2.2	F	F	F	120	124	163	163	141	141	191	191	133	136	124	124	241	241	247	247	294	294	170	170
Ech4	128	LL7	4	100	0	2008	2018-10-08	-58.2	44.1	2	F	F	F	126	128	157	163	141	141	191	191	133	133	127	127	238	238	247	247	0	0	170	170
Ech4	129	LL7	5	100	0	2008	2018-10-08	-58.2	44.1	2.4	F	H	H	118	118	163	163	138	141	191	191	133	133	133	133	238	238	247	247	288	288	168	170
Ech4	130	LL7	6	100	0	2008	2018-10-08	-58.2	44.1	2.4	F	F	F	120	130	163	163	141	141	191	191	133	133	121	133	238	238	244	247	282	288	170	170
Ech4	131	LL7	7	100	0	2008	2018-10-08	-58.2	44.1	2.3	F	F	F	118	120	163	163	141	141	191	191	133	133	124	124	238	238	247	250	285	294	170	170
Ech4	132	LL7	8	100	0	2008	2018-10-08	-58.2	44.1	2.2	F	H	H	118	118	163	163	141	144	191	191	133	133	130	133	238	238	247	247	285	291	168	170
Ech4	133	LL7	10	100	0	2008	2018-10-08	-58.2	44.1	2.4	F	F	F	118	122	163	163	141	144	191	191	136	136	124	127	238	238	247	247	288	291	168	170
Ech4	134	LL7	11	100	0	2008	2018-10-08	-58.2	44.1	2.4	F	F	F	120	120	163	163	141	147	191	191	136	136	124	130	238	241	247	247	282	282	168	170
Ech4	135	LL7	12	100	0	2008	2018-10-08	-58.2	44.1	2.5	F	F	F	116	118	163	163	138	141	191	191	133	133	124	124	238	238	247	247	288	288	168	170
Ech4	136	LL7	13	100	0	2008	2018-10-08	-58.2	44.1	2.1	F	F	F	120	122	163	163	138	141	191	191	133	133	127	136	238	238	247	247	288	291	168	168
Ech4	137	LL7	14	100	0	2008	2018-10-08	-58.2	44.1	2.4	F	F	F	118	120	163	163	141	141	191	191	133	133	127	127	238	238	247	247	288	288	170	170
Ech4	138	LL7	15	100	0	2008	2018-10-08	-58.2	44.1	2.1	F	F	F	118	118	163	163	141	141	191	194	133	133	124	130	241	241	247	247	288	291	168	170
Ech4	139	LL7	16	100	0	2008	2018-10-08	-58.2	44.1	2.6	F	F	F	122	128	163	163	141	141	191	191	133	139	127	133	238	244	247	247	291	294	170	172
Ech4	140	LL7	17	100	0	2008	2018-10-08	-58.2	44.1	2.5	F	F	F	118	118	163	163	138	141	191	191	133	133	124	124	238	238	247	247	288	291	168	170
Ech4	141	LL7	18	100	0	2008	2018-10-08	-58.2	44.1	2	F	F	F	118	120	163	163	138	141	191	194	133	133	130	133	238	238	247	247	291	291	168	170
Ech4	142	LL7	21	100	0	2008	2018-10-08	-58.2	44.1	2.4	F	F	F	116	118	163	163	138	138	191	191	133	133	124	136	238	238	247	247	288	288	168	170
Ech4	143	LL7	22	100	0	2008	2018-10-08	-58.2	44.1	2.3	F	F	F	118	118	163	163	141	144	191	191	133	133	127	133	238	238	247	247	282	291	168	170
Ech4	144	LL7	23	100	0	2008	2018-10-08	-58.2	44.1	2	F	F	F	114	118	163	163	0	0	191	191	133	136	124	133	238	241	247	247	291	294	170	170
Ech4	145	LL7	24	100	0	2008	2018-10-08	-58.2	44.1	2.6	F	F	F	118	120	163	163	141	141	191	191	133	136	124	133	238	238	247	247	288	288	170	170
Ech4	146	LL7	25	100	0	2008	2018-10-08	-58.2	44.1	2.8	F	F	F	112	120	163	163	138	141	191	191	133	136	124	133	238	238	247	247	291	291	168	170
Ech4	147	LL7	26	100	0	2008	2018-10-08	-58.2	44.1	3.5	G	H	H	114	118	163	163	135	141	191	197	133	133	133	133	238	241	247	247	285	306	168	170
Ech4	148	LL7	27	100	0	2008	2018-10-08	-58.2	44.1	3.3	G	H	H	114	118	163	163	135	141	191	197	133	133	133	133	238	238	247	247	288	291	168	168
Ech4	149	LL7	28	100	0	2008	2018-10-08	-58.2	44.1	3.3	G	H	H	110	118	163	163	138	141	191	191	133	133	133	133	238	238	244	247	288	294	168	168
Ech4	150	LL7	29	100	0	2008	2018-10-08	-58.2	44.1	2.9	F	F	F	118	128	163	163	141	141	191	191	136	136	124	133	238	238	247	247	288	294	170	170
Ech4	151	LL7	30	100	0	2008	2018-10-08	-58.2	44.1	3.4	G	H	H	114	118	163	163	138	141	191	197	133	133	124	133	238	238	247	247	285	291	170	170
Ech4	152	LL7	31	100	0	2008	2018-10-08	-58.2	44.1	2.1	F	H	H	118	124	163	163	135	141	191	191	133	133	133	133	235	235	247	247	291	291	170	170
Ech4	153	LL7	32	100	0	2008	2018-10-08	-58.2	44.1	2.3	F	F	F	118	122	163	163	141	144	191	191	133	133	124	127	238	238	247	247	294	294	168	168
Ech4	154	LL7	33	100	0	2008	2018-10-08	-58.2	44.1	2.1	F	F	F	120	122	163	163	138	141	191	191	133	136	127	133	238	241	247	247	288	288	170	170
Ech4	155	LL7	34	100	0	2008	2018-10-08	-58.2	44.1	2.1	F	F	F	118	120	163	163	141	141	185	191	133	142	133	133	238	238	247	247	288	288	170	176
Ech4	156	LL7	35	100	0	2008	2018-10-08	-58.2	44.1	2.1	F	F	F	118	118	163	163	141	141	191	197	133	133	127	151	238	238	247	247	282	282	170	170
Ech4	157	LL7	36	100	0	2008	2018-10-08	-58.2	44.1	2	F	F	F	120	130	154	163	141	141	191	197	133	136	127	133	238	241	247	247	288	288	170	170
Ech4	158	LL7	37	100	0	2008	2018-10-08	-58.2	44.1	2.6	F	H	H	120	134	163	163	138	141	191	197	133	133	133	133	238	238	247	247	282	282	168	168
Ech4	159	LL7	38	100	0	2008	2018-10-08	-58.2	44.1	2.8	F	F	F	120	120	163	163	138	141	191	197	133	133	124	127	238	238	247	247	285	291	170	170
Ech4	160	LL7	39	100	0	2008	2018-10-08	-58.2	44.1	2.8	F	F	F	116	118	163	163	141	141	191	191	133	139	124	124	244	244	247	247	291	291	170	174
Ech4	161	LL7	40	100	0	2008	2018-10-08	-58.2	44.1	2.7	F	H	H	118	134	163	163	141	144	191	197	133	133	127	133	238	238	247	247	285	297	170	170
Ech4	162	LL7	41	100	0	2008	2018-10-08	-58.2	44.1	3.4	G	H	H	114	118	163	163	141	141	191	191	133	133	133	133	238	238	247	247	285	288	168	170
Ech4	163	LL7	42	100	0	2008	2018-10-08	-58.2	44.1	2.5	F	H	H	118	118	163	163	141	141	191	197	133	133	127	133	238	238	247	247	288	288	170	170
Ech4	164	LL7	43	100	0	2008	2018-10-08	-58.2	44.1	2.5	F	F	F	118	118	163	163	138	141	191	197	133	136	124	133	238	238	247	247	282	282	168	174
Ech4	165	LL7	44	100	0	2008	2018-10-08	-58.2	44.1	2.3	F	F	F	108	118	163	163	138	141	0	0	133	133	130	133	238	238	247	247	288	291	170	170
Ech4	166	LL7	45	100	0	2008	2018-10-08	-58.2	44.1	2.8	F	H	H	112	120	163	163	138	141	191	197	133	133	133	133	238	238	247	247	288	288	170	170
Ech4	167	LL7	46	100	0	2008	2018-10-08	-58.2	44.1	1.9	F	F	F	118	124	163	163	141	141	191	191	136	136	121	127	241	241	247	247	291	291	170	170
Ech5	168	MB-10	1	1000	0	2009	23-juil-09	-57	55.9	2.8	F	F	F	118	120	163	163	141	144	191	191	136	136	124	133	241	241	247	247	291	291	170	170
Ech5	169	MB-10	3	1000	0	2009	23-juil-09	-57	55.9	3.2	G	H	H	114	114	163	163	135	141	191	191	133	133	133	133	238	238	247	247	288	288	170	170
Ech5	170	MB-10	4	1000	0	2009	23-juil-09	-57	55.9	2.6	F	F	F	118	118	163	163	141	141	191	194	133	136	124	127	241	241	247	247	285	285	170	170
Ech5	171	MB-10	5	1000	0	2009	23-juil-09	-57	55.9	2.6	F	F	F	120	128	163	163	141	141	191	191	133	133	124	133	238	241	247	247	288	294	168	170
Ech5	172	MB-10	6	1000	0	2009	23-juil-09	-57	55.9	3.5	G	H	H	114	114	163	163	135	141	191	197	133	133	133	133	238	238	244	247	288	294	170	170
Ech5	173	MB-10	7	1000	0	2009	23-juil-09	-57	55.9	2.8	F	F	F	118	120	163	163	141	141	191	191	133	133	124	127	238	238	247	247	291	291	170	170
Ech5	174	MB-10	8	1000	0	2009	23-juil-09	-57	55.9	2.6	F	F	F	118	118	157	163	138	141	182	191	133	133	133	151	238	238	247	247	303	303	168	170
Ech5	175	MB-10	9	1000	0	2009	23-juil-09	-57	55.9	3.4	G	H	H	114	114	163	163	135	141	191	191	133	133	133	133	238	238	247	247	288	291	168	170
Ech5	176	MB-10	10	1000	0	2009	23-juil-09	-57	55.9	2.9	F	F	F	122	122	163	166	141	141	191	191	136	136	124	133	241	241	247	247	288	294	168	170
Ech5	177	MB-10	11	1000	0	2009	23-juil-09	-57	55.9	2.7	F	F	F	118	118	163	163	138	141	191	197	133	136	124	127	238	238	247	247	291	291	170	170
Ech5	178	MB-10	12	1000	0	2009	23-juil-09	-57	55.9	2.7	F	F	F	118	126	163	163	141	141	191	194	133	133	127	133	238	238	247	247	282	291	168	170
Ech5	179	MB-10	13	1000	0	2009	23-juil-09	-57	55.9	2.6	F	F	F	118	118	154	163	138	141	191	194	133	133	127	127	238	241	247	247	291	291	170	170
Ech5	180	MB-10	14	1000	0	2009	23-juil-09	-57	55.9	2.6	F	F	F	124	124	163	163	141	141	191	191	133	133	130	133	238	241	247	247	291	291	170	170
Ech5	181	MB-10	15	1000	0	2009	23-juil-09	-57	55.9	2.8	F	F	F	120	124	163	163	141	144	191	191	133	136	124	124	241	241	247	247	288	288	168	170
Ech5	182	MB-10	16	1000	0	2009	23-juil-09	-57	55.9	2.5	F	F	F	112	118	163	163	141	141	194	194	133	133	121	133	238	238	247	247	288	294	170	170
Ech5	183	MB-10	17	1000	0	2009	23-juil-09	-57	55.9	2.9	F	F	F	118	118	163	163	138	141	188	191	133	133	127	133	238	238	247	247	288	288	170	170
Ech5	184	MB-10	18	1000	0	2009	23-juil-09	-57	55.9	2.7	F	F	F	120	124	163	163	141	141	191	197	133	133	130	133	238	238	247	247	288	291	170	170
Ech5	185	MB-10	19	1000	0	2009	23-juil-09	-57	55.9	2.6	F	F	F	118	118	163	163	138	141	191	191	133	133	124	127	238	241	247	247	288	294	168	168
Ech5	186	MB-10	20	1000	0	2009	23-juil-09	-57	55.9	3.2	G	H	H	118	126	163	163	135	141	191	191	133	133	133	133	238	241	247	247	285	288	168	170
Ech5	187	MB-10	21	1000	0	2009	23-juil-09	-57	55.9	2.7	G	G	G	110	114	163	163	135	141	191	191	133	133	133	133	238	238	247	247	285	288	168	168
Ech5	188	MB-10	22	1000	0	2009	23-juil-09	-57	55.9	2.7	F	F	F	114	124	163	166	138	144	191	191	133	133	133	133	238	238	247	247	282	288	170	170
Ech5	189	MB-10	23	1000	0	2009	23-juil-09	-57	55.9	2.7	F	F	F	120	122	163	163	138	141	191	191	136	139	124	133	241	244	247	247	282	291	170	170
Ech5	190	MB-10	24	1000	0	2009	23-juil-09	-57	55.9	2.8	F	F	F	118	122	163	163	141	141	191	191	133	133	133	133	238	238	247	247	288	294	170	170
Ech5	191	MB-10	25	1000	0	2009	23-juil-09	-57	55.9	2.8	F	F	F	118	128	163	163	138	138	191	194	136	136	124	133	238	241	247	247	282	282	170	170
Ech5	192	MB-10	26	1000	0	2009	23-juil-09	-57	55.9	3.2	G	G	G	110	114	163	163	135	141	191	191	133	133	133	133	238	238	244	247	279	285	168	170
Ech5	193	MB-10	27	1000	0	2009	23-juil-09	-57	55.9	2.7	F	F	F	118	118	163	163	141	141	191	191	133	133	127	133	238	238	247	247	291	291	170	170
Ech5	194	MB-10	28	1000	0	2009	23-juil-09	-57	55.9	2.6	F	F	F	120	120	163	163	141	141	191	197	133	133	127	133	238	238	247	247	288	288	170	170
Ech5	195	MB-10	29	1000	0	2009	23-juil-09	-57	55.9	2.7	F	F	F	120	120	163	163	141	141	191	191	136	136	133	133	238	241	247	247	288	297	170	170
Ech5	196	MB-10	30	1000	0	2009	23-juil-09	-57	55.9	3.4	G	H	H	114	114	163	163	135	141	191	191	133	133	133	133	238	241	247	247	288	294	170	170
Ech5	197	MB-10	31	1000	0	2009	23-juil-09	-57	55.9	2.6	F	F	F	118	126	154	163	141	141	191	191	133	133	124	133	238	241	247	247	291	294	168	170
Ech5	198	MB-10	32	1000	0	2009	23-juil-09	-57	55.9	2.6	F	F	F	108	116	163	163	141	141	191	191	133	133	127	133	238	238	247	250	294	294	170	170
Ech6	199	Riki-01	1	100	0	2008	01-mai-08	-68.6	48.7	3.2	G	H	H	118	126	163	163	135	141	191	197	133	133	133	136	238	238	247	247	285	288	170	170
Ech6	200	Riki-01	3	100	0	2008	01-mai-08	-68.6	48.7	2.4	F	H	H	114	118	163	163	141	141	191	197	133	136	127	133	241	241	247	247	288	288	168	168
Ech6	201	Riki-01	4	100	0	2008	01-mai-08	-68.6	48.7	2.5	F	H	H	118	118	163	163	141	141	191	197	133	133	127	133	238	241	247	247	288	288	170	170
Ech6	202	Riki-01	5	100	0	2008	01-mai-08	-68.6	48.7	2.3	F	F	F	118	120	163	163	141	141	188	191	133	136	124	133	238	241	247	247	282	282	170	170
Ech6	203	Riki-01	6	100	0	2008	01-mai-08	-68.6	48.7	3.1	G	H	H	114	118	163	163	135	141	191	191	133	133	133	133	238	241	247	247	282	291	170	170
Ech6	204	Riki-01	7	100	0	2008	01-mai-08	-68.6	48.7	3.2	G	G	G	114	118	163	163	135	141	191	191	133	133	133	133	238	238	244	247	285	291	168	168
Ech6	205	Riki-01	8	100	0	2008	01-mai-08	-68.6	48.7	2.4	F	F	F	118	118	163	163	141	141	191	191	133	133	133	136	238	238	247	247	288	288	170	170
Ech6	206	Riki-01	9	100	0	2008	01-mai-08	-68.6	48.7	3.3	G	G	G	114	118	163	163	135	135	191	191	133	133	133	133	238	238	247	247	297	303	170	170
Ech6	207	Riki-01	10	100	0	2008	01-mai-08	-68.6	48.7	3	G	H	H	114	118	163	163	135	141	191	191	133	133	133	133	238	238	247	247	288	288	170	170
Ech6	208	Riki-01	11	100	0	2008	01-mai-08	-68.6	48.7	2.5	F	H	H	118	118	163	163	141	141	191	197	133	133	127	133	238	238	247	247	291	291	168	168
Ech6	209	Riki-01	12	100	0	2008	01-mai-08	-68.6	48.7	2.7	F	F	F	118	120	163	163	141	141	191	197	133	133	127	133	238	238	247	247	294	294	170	170
Ech6	210	Riki-01	13	100	0	2008	01-mai-08	-68.6	48.7	2.8	F	F	F	118	120	163	163	141	144	191	191	133	139	124	127	238	244	247	247	288	288	168	170
Ech6	211	Riki-01	14	100	0	2008	01-mai-08	-68.6	48.7	3	G	G	G	114	114	163	163	135	135	191	191	133	133	133	133	238	238	244	247	285	285	170	170
Ech6	212	Riki-01	15	320	0	2008	01-mai-08	-68.6	48.7	2.2	F	F	F	118	120	163	163	138	147	191	194	133	133	133	133	238	238	247	247	288	288	170	170
Ech6	213	Riki-01	16	100	0	2008	01-mai-08	-68.6	48.7	2.6	F	H	H	118	118	163	163	138	141	191	197	133	133	124	124	238	238	247	247	285	288	170	170
Ech6	214	Riki-01	17	100	0	2008	01-mai-08	-68.6	48.7	2.7	F	H	H	118	120	163	163	141	141	191	197	133	133	127	133	238	238	247	247	288	288	170	170
Ech6	215	Riki-01	18	100	0	2008	01-mai-08	-68.6	48.7	2.4	F	F	F	118	120	163	163	141	141	191	191	133	133	133	133	238	238	247	250	282	285	170	170
Ech6	216	Riki-01	19	100	0	2008	01-mai-08	-68.6	48.7	2.7	F	F	F	118	120	163	163	138	141	191	197	133	133	133	136	238	238	247	247	282	282	170	170
Ech6	217	Riki-01	20	100	0	2008	01-mai-08	-68.6	48.7	2.5	F	F	F	118	118	163	163	138	141	191	191	133	133	124	133	238	238	247	247	288	288	170	170
Ech6	218	Riki-01	21	100	0	2008	01-mai-08	-68.6	48.7	3.2	G	H	H	114	118	163	163	135	135	191	191	133	136	124	133	238	241	247	247	291	297	168	170
Ech6	219	Riki-01	22	100	0	2008	01-mai-08	-68.6	48.7	2.4	F	H	H	118	118	163	163	138	141	191	197	133	136	121	133	238	238	247	247	288	288	168	168
Ech6	220	Riki-01	23	100	0	2008	01-mai-08	-68.6	48.7	2.1	F	F	F	120	120	163	163	138	141	191	191	133	133	124	133	238	238	247	247	297	297	168	168
Ech6	221	Riki-01	24	100	0	2008	01-mai-08	-68.6	48.7	2.5	F	F	F	116	118	163	163	141	141	191	191	133	133	127	130	238	238	247	250	288	288	168	170
Ech6	222	Riki-01	25	100	0	2008	01-mai-08	-68.6	48.7	2.6	F	F	F	120	120	163	163	141	141	191	191	133	133	133	133	238	238	247	247	282	282	170	170
Ech6	223	Riki-01	26	320	100	2008	01-mai-08	-68.6	48.7	2.8	F	F	F	116	124	163	163	141	144	191	191	133	133	124	133	238	238	247	247	294	294	170	170
Ech6	224	Riki-01	28	320	100	2008	01-mai-08	-68.6	48.7	2.9	F	F	F	118	118	163	163	141	144	191	194	133	133	124	130	238	238	247	247	294	294	170	170
Ech6	225	Riki-01	29	320	100	2008	01-mai-08	-68.6	48.7	2.9	F	F	F	118	120	163	163	141	141	191	191	133	133	124	133	238	238	247	247	288	288	170	170
Ech6	226	Riki-01	31	320	100	2008	01-mai-08	-68.6	48.7	2.5	F	F	F	118	120	163	163	141	141	191	197	133	139	124	133	244	244	244	247	288	291	168	168
Ech6	227	Riki-01	32	320	100	2008	01-mai-08	-68.6	48.7	2.8	F	F	F	120	120	163	163	141	141	191	197	133	133	124	130	238	241	247	247	288	288	170	170
Ech6	228	Riki-01	33	320	100	2008	01-mai-08	-68.6	48.7	2.8	F	F	F	118	118	163	163	141	141	191	191	133	133	133	133	238	238	247	247	288	291	170	170
Ech6	229	Riki-01	34	320	100	2008	01-mai-08	-68.6	48.7	2.8	F	F	F	120	122	163	163	141	141	191	191	133	133	133	133	238	238	247	247	291	291	168	168
Ech6	230	Riki-01	35	320	100	2008	01-mai-08	-68.6	48.7	2.9	F	F	F	118	118	163	163	141	141	191	191	133	133	124	133	238	238	247	247	294	294	168	170
Ech6	231	Riki-01	36	320	100	2008	01-mai-08	-68.6	48.7	2.6	F	F	F	118	120	163	163	141	141	191	197	133	133	124	133	238	238	247	247	288	291	170	170
Ech6	232	Riki-01	37	320	100	2008	01-mai-08	-68.6	48.7	2.6	F	F	F	116	118	163	163	138	141	191	191	133	133	130	133	238	238	247	247	285	291	170	170
Ech6	233	Riki-01	38	320	100	2008	01-mai-08	-68.6	48.7	2.4	F	F	F	112	118	163	163	138	141	194	194	133	139	139	151	244	244	247	247	294	294	170	170
Ech6	234	Riki-01	39	320	100	2008	01-mai-08	-68.6	48.7	2.8	F	F	F	118	118	163	163	141	141	191	191	133	136	124	124	250	250	247	247	291	291	168	170
Ech6	235	Riki-01	40	320	100	2008	01-mai-08	-68.6	48.7	2.5	F	F	F	118	120	163	163	138	141	191	191	133	133	124	124	238	238	247	247	285	288	170	170
Ech6	236	Riki-01	41	320	100	2008	01-mai-08	-68.6	48.7	2.9	F	F	F	120	120	163	163	141	141	191	191	133	133	124	127	238	238	247	247	288	288	170	170
Ech6	237	Riki-01	42	320	100	2008	01-mai-08	-68.6	48.7	2.7	F	F	F	118	120	163	163	135	141	191	191	133	133	124	133	238	238	247	247	303	303	170	170
Ech6	238	Riki-01	43	320	100	2008	01-mai-08	-68.6	48.7	2.7	F	F	F	118	120	163	163	138	141	191	191	133	136	127	133	238	241	247	247	294	294	168	168
Ech6	239	Riki-01	44	320	100	2008	01-mai-08	-68.6	48.7	2.7	F	H	H	116	126	163	163	141	141	191	191	133	136	124	133	238	241	247	247	285	285	168	170
Ech6	240	Riki-01	45	320	100	2008	01-mai-08	-68.6	48.7	2.7	F	F	F	118	118	163	163	138	141	191	194	133	133	133	133	238	238	247	247	294	294	170	170
Ech6	241	Riki-01	46	320	100	2008	01-mai-08	-68.6	48.7	2.6	F	F	F	116	118	163	163	138	141	191	191	133	133	127	133	238	241	247	247	288	288	170	170
Ech6	242	Riki-01	47	320	100	2008	01-mai-08	-68.6	48.7	2.6	F	F	F	118	118	163	163	141	147	191	194	133	136	124	133	238	241	247	247	288	294	168	170
Ech6	243	Riki-01	48	320	100	2008	01-mai-08	-68.6	48.7	2.6	F	F	F	120	122	163	163	138	141	188	191	136	136	127	133	241	241	247	247	288	288	170	170
Ech6	244	Riki-01	1	100	0	2008	2008-07-08	-68.6	48.7	3	G	G	G	114	114	154	154	135	135	191	191	133	133	133	133	238	238	244	247	285	285	170	170
Ech6	245	Riki-01	2	100	0	2008	2008-07-08	-68.6	48.7	2.8	G	G	G	114	114	154	154	135	138	191	191	133	133	133	133	238	238	247	247	285	288	170	170
Ech6	246	Riki-01	3	100	0	2008	2008-07-08	-68.6	48.7	2.9	G	H	H	114	114	154	163	135	135	191	191	133	133	124	124	238	238	244	247	288	288	170	170
Ech6	247	Riki-01	4	100	0	2008	2008-07-08	-68.6	48.7	2.7	F	F	F	118	120	163	163	138	141	191	191	133	133	124	133	238	238	247	247	291	291	170	170
Ech6	248	Riki-01	5	100	0	2008	2008-07-08	-68.6	48.7	2.7	F	F	F	118	120	163	163	138	138	194	194	133	133	124	133	238	238	247	250	291	294	168	170
Ech6	249	Riki-01	6	100	0	2008	2008-07-08	-68.6	48.7	2.4	F	H	H	118	118	163	163	141	141	191	194	133	133	133	133	238	238	247	247	285	285	170	170
Ech6	250	Riki-01	7	100	0	2008	2008-07-08	-68.6	48.7	2.4	F	F	F	116	118	163	163	138	138	191	191	133	133	133	133	238	238	247	247	282	282	170	170
Ech6	251	Riki-01	8	100	0	2008	2008-07-08	-68.6	48.7	2.6	F	F	F	116	120	163	163	141	141	191	191	133	133	124	133	238	241	247	247	291	294	170	170
Ech6	252	Riki-01	9	100	0	2008	2008-07-08	-68.6	48.7	2.8	G	G	G	114	114	154	163	135	135	191	191	133	133	133	133	238	238	247	247	285	285	170	170
Ech6	253	Riki-01	10	100	0	2008	2008-07-08	-68.6	48.7	2.6	F	F	F	118	120	163	163	141	141	191	191	133	133	127	127	238	238	247	247	279	291	168	170
Ech6	254	Riki-01	11	100	0	2008	2008-07-08	-68.6	48.7	2.8	F	G	H	110	114	154	154	135	135	191	191	133	133	124	124	238	238	244	247	276	288	170	170
Ech6	255	Riki-01	12	100	0	2008	2008-07-08	-68.6	48.7	2.9	F	G	H	124	138	154	154	126	135	191	191	133	133	133	133	238	238	244	247	285	288	170	170
Ech6	256	Riki-01	13	100	0	2008	08-juil-08	-68.6	48.7	2.4	F	F	F	118	120	163	163	141	144	191	191	133	133	124	133	238	238	247	247	288	297	168	170
Ech6	257	Riki-01	16	100	0	2008	08-juil-08	-68.6	48.7	3.2	G	G	G	114	114	163	163	135	141	191	191	133	133	133	133	238	238	247	247	285	288	168	170
Ech6	258	Riki-01	18	100	0	2008	08-juil-08	-68.6	48.7	3.3	G	H	H	114	114	163	163	135	141	191	197	133	133	130	133	238	238	244	247	282	288	170	170
Ech6	259	Riki-01	19	100	0	2008	08-juil-08	-68.6	48.7	3.2	G	H	H	114	114	163	163	135	141	191	191	133	133	133	133	238	238	244	247	288	288	170	170
Ech6	260	Riki-01	20	100	0	2008	08-juil-08	-68.6	48.7	3.3	G	H	H	118	118	163	163	135	141	191	191	133	133	133	133	238	238	244	247	288	294	170	170
Ech6	261	Riki-01	21	100	0	2008	08-juil-08	-68.6	48.7	2.4	F	F	F	116	118	163	163	141	144	191	191	136	136	124	133	238	241	247	247	291	291	168	168
Ech6	262	Riki-01	22	100	0	2008	08-juil-08	-68.6	48.7	2.9	F	H	H	114	114	163	163	135	141	191	191	133	133	133	133	238	241	247	247	285	288	170	170
Ech6	263	Riki-01	23	100	0	2008	08-juil-08	-68.6	48.7	3.3	G	H	H	114	114	163	163	135	138	191	191	133	133	133	136	238	241	247	247	285	288	170	170
Ech6	264	Riki-01	24	100	0	2008	08-juil-08	-68.6	48.7	3.5	G	H	H	114	114	163	163	135	141	191	191	133	133	133	133	238	241	247	247	285	288	170	170
Ech6	265	Riki-01	26	100	0	2008	08-juil-08	-68.6	48.7	3.6	G	H	H	114	118	163	163	135	141	191	197	133	133	133	133	238	241	247	247	285	294	168	170
Ech6	266	Riki-01	29	100	0	2008	08-juil-08	-68.6	48.7	3.5	G	H	H	114	114	163	163	135	141	191	197	133	133	133	136	238	241	244	247	288	297	170	170
Ech6	267	Riki-01	30	100	0	2008	08-juil-08	-68.6	48.7	3.5	G	G	G	114	118	163	163	0	0	191	197	133	133	133	133	238	241	247	247	285	291	170	170
Ech6	268	Riki-01	31	100	0	2008	08-juil-08	-68.6	48.7	3.4	G	H	H	114	114	163	163	135	141	191	197	133	133	133	133	238	241	247	247	282	288	168	170
Ech6	269	Riki-01	32	100	0	2008	08-juil-08	-68.6	48.7	2.4	F	F	F	118	118	163	163	141	144	191	197	133	136	124	130	241	241	235	247	291	291	170	170
Ech6	270	Riki-01	33	100	0	2008	08-juil-08	-68.6	48.7	2.5	F	H	H	118	120	163	163	141	141	191	197	133	133	133	133	238	238	244	247	282	288	168	168
Ech6	271	Riki-01	34	100	0	2008	08-juil-08	-68.6	48.7	3.4	F	H	H	118	126	163	163	141	141	191	197	133	133	127	133	241	241	247	247	291	291	168	168
Ech6	272	Riki-01	35	100	0	2008	08-juil-08	-68.6	48.7	2.6	F	F	F	118	118	163	163	138	141	191	197	133	133	124	127	238	241	247	247	291	291	170	170
Ech6	273	Riki-01	36	100	0	2008	08-juil-08	-68.6	48.7	2.6	F	F	F	120	120	163	163	138	141	191	197	133	133	130	139	238	238	247	247	288	291	168	170
Ech6	274	Riki-01	37	320	100	2008	2008-07-08	-68.6	48.7	2.7	F	H	H	120	122	163	163	135	141	191	191	133	133	133	142	238	238	247	247	288	291	168	168
Ech6	275	Riki-01	38	320	100	2008	2008-07-08	-68.6	48.7	2.8	F	F	F	120	126	160	163	141	141	191	194	133	133	133	133	238	238	247	247	288	291	170	170
Ech6	276	Riki-01	39	320	100	2008	2008-07-08	-68.6	48.7	2.9	F	G	H	114	114	154	154	135	135	191	191	133	133	133	133	238	238	244	247	285	291	170	170
Ech6	277	Riki-01	40	320	100	2008	2008-07-08	-68.6	48.7	2.4	F	F	F	118	126	163	163	138	141	191	191	133	133	124	133	238	238	247	247	288	291	168	170
Ech6	278	Riki-01	41	320	100	2008	2008-07-08	-68.6	48.7	2.8	G	G	G	114	114	154	163	135	135	191	191	133	133	133	133	238	238	247	247	285	288	170	170
Ech6	279	Riki-01	42	320	100	2008	2008-07-08	-68.6	48.7	2.5	F	F	F	120	120	163	163	141	141	191	194	133	133	124	127	238	238	247	247	282	294	168	170
Ech6	280	Riki-01	43	320	100	2008	2008-07-08	-68.6	48.7	3.1	G	G	G	114	114	154	154	135	135	191	191	133	133	133	133	238	238	247	247	288	288	170	170
Ech6	281	Riki-01	44	320	100	2008	2008-07-08	-68.6	48.7	2.8	F	F	F	118	120	163	163	138	141	185	191	133	133	133	133	238	238	244	247	282	291	170	170
Ech6	282	Riki-01	45	320	100	2008	2008-07-08	-68.6	48.7	2.5	F	F	F	124	124	163	163	141	141	191	191	133	133	127	127	238	238	247	247	285	297	170	170
Ech6	283	Riki-01	46	320	100	2008	2008-07-08	-68.6	48.7	2.9	G	H	H	114	114	154	154	138	138	191	191	133	133	133	133	238	238	247	247	0	0	170	170
Ech6	284	Riki-01	47	320	100	2008	2008-07-08	-68.6	48.7	2.4	F	F	F	118	126	163	163	138	141	191	191	133	139	124	133	238	244	247	247	288	288	170	170
Ech6	285	Riki-01	48	320	100	2008	2008-07-08	-68.6	48.7	2.6	F	F	F	118	118	163	163	141	141	191	194	133	133	124	136	238	238	247	247	288	288	170	170
Ech6	286	Riki-01	1	100	0	2008	2016-09-08	-68.6	48.7	2.2	F	F	F	118	118	163	163	141	141	191	191	133	133	124	124	238	238	247	247	291	297	170	170
Ech6	287	Riki-01	2	100	0	2008	2016-09-08	-68.6	48.7	2.2	F	H	H	118	118	163	163	138	141	191	191	133	133	124	133	238	238	247	247	288	288	168	168
Ech6	288	Riki-01	3	100	0	2008	2016-09-08	-68.6	48.7	2.4	F	F	F	118	120	163	163	141	141	191	191	136	136	124	127	241	241	247	247	288	291	170	170
Ech6	289	Riki-01	4	100	0	2008	2016-09-08	-68.6	48.7	2.6	F	F	F	116	120	163	163	141	144	191	191	136	136	127	127	238	241	247	253	288	288	170	170
Ech6	290	Riki-01	5	100	0	2008	2016-09-08	-68.6	48.7	2.7	F	F	F	118	118	157	163	138	138	191	197	133	136	130	130	238	241	247	247	291	291	170	170
Ech6	291	Riki-01	6	100	0	2008	2016-09-08	-68.6	48.7	2.6	F	F	F	118	118	163	163	141	141	191	194	133	133	124	133	238	238	247	247	288	288	170	170
Ech6	292	Riki-01	7	100	0	2008	2016-09-08	-68.6	48.7	2.8	F	F	F	120	120	163	163	141	141	191	191	133	136	124	133	238	241	247	247	285	291	170	170
Ech6	293	Riki-01	8	100	0	2008	2016-09-08	-68.6	48.7	3.3	G	H	H	114	118	163	163	135	135	191	191	133	133	124	133	238	238	247	247	288	288	170	170
Ech6	294	Riki-01	9	100	0	2008	2016-09-08	-68.6	48.7	3.2	G	G	G	114	118	163	163	0	0	191	191	133	133	133	133	238	238	244	247	291	300	168	168
Ech6	295	Riki-01	10	100	0	2008	2016-09-08	-68.6	48.7	2.8	F	F	F	0	0	163	163	138	141	191	191	133	133	124	127	238	238	247	247	288	288	168	168
Ech6	296	Riki-01	11	100	0	2008	2016-09-08	-68.6	48.7	2.3	F	F	F	118	120	163	163	138	141	191	191	136	136	124	133	241	241	247	247	288	294	170	170
Ech6	297	Riki-01	12	100	0	2008	2016-09-08	-68.6	48.7	2.6	F	F	F	116	118	163	163	141	141	191	197	133	136	124	127	241	241	247	247	288	288	168	170
Ech6	298	Riki-01	13	100	0	2008	2016-09-08	-68.6	48.7	2.6	F	F	F	118	118	163	163	141	141	191	191	133	133	127	133	238	238	247	247	300	300	168	170
Ech6	299	Riki-01	14	100	0	2008	2016-09-08	-68.6	48.7	2.6	F	H	H	118	118	163	163	141	141	191	197	133	133	124	133	238	244	247	247	288	294	168	170
Ech6	300	Riki-01	15	100	0	2008	2016-09-08	-68.6	48.7	2.5	F	F	F	118	120	163	163	141	147	191	191	133	136	133	133	241	241	247	247	288	288	170	170
Ech6	301	Riki-01	16	100	0	2008	2016-09-08	-68.6	48.7	3.1	G	G	G	114	118	163	163	135	135	191	191	133	133	133	133	238	238	247	247	285	285	168	170
Ech6	302	Riki-01	17	100	0	2008	2016-09-08	-68.6	48.7	3.3	F	H	H	114	118	163	163	135	141	191	197	133	133	133	133	238	238	247	247	285	294	168	170
Ech6	303	Riki-01	18	100	0	2008	2016-09-08	-68.6	48.7	3.2	G	H	H	114	118	163	163	135	135	191	191	133	133	133	133	238	241	247	247	282	291	170	170
Ech6	304	Riki-01	19	100	0	2008	2016-09-08	-68.6	48.7	2.8	F	H	H	118	118	163	163	138	138	191	191	133	133	133	133	238	238	247	247	288	288	170	170
Ech6	305	Riki-01	20	100	0	2008	2016-09-08	-68.6	48.7	2.3	F	H	H	118	120	163	163	135	138	188	191	133	133	127	133	238	241	247	247	288	288	168	168
Ech6	306	Riki-01	21	100	0	2008	2016-09-08	-68.6	48.7	2.6	F	F	F	118	118	163	163	141	141	191	191	133	136	133	133	238	241	247	247	294	294	168	168
Ech6	307	Riki-01	22	100	0	2008	2016-09-08	-68.6	48.7	2.6	F	F	F	120	122	163	163	141	147	191	194	133	133	133	133	238	238	247	247	291	291	168	170
Ech6	308	Riki-01	23	100	0	2008	2016-09-08	-68.6	48.7	2.8	F	F	F	118	120	163	163	141	141	191	191	136	136	124	133	238	241	247	247	285	285	168	170
Ech6	309	Riki-01	24	100	0	2008	2016-09-08	-68.6	48.7	2.6	F	F	F	118	120	163	163	0	0	191	194	133	133	130	130	238	238	247	247	282	288	170	170
Ech6	310	Riki-01	25	100	0	2008	2016-09-08	-68.6	48.7	2.7	F	F	F	116	120	163	163	141	141	191	197	133	133	133	133	238	238	247	247	288	288	164	170
Ech6	311	Riki-01	26	100	0	2008	2016-09-08	-68.6	48.7	2.7	F	F	F	118	120	163	163	141	141	191	191	133	133	124	133	238	238	247	247	282	282	170	170
Ech6	312	Riki-01	27	100	0	2008	2016-09-08	-68.6	48.7	2.6	F	F	F	120	120	163	163	141	147	191	194	133	133	133	133	238	238	247	247	0	0	168	170
Ech6	313	Riki-01	30	320	100	2008	2016-09-08	-68.6	48.7	4.4	G	F	H	118	126	163	163	141	141	191	197	133	133	127	133	244	244	247	247	282	282	168	168
Ech6	314	Riki-01	32	320	100	2008	2016-09-08	-68.6	48.7	3.7	G	G	G	114	114	163	163	135	135	191	191	133	133	124	133	238	238	244	247	288	291	170	170
Ech6	315	Riki-01	34	320	100	2008	2016-09-08	-68.6	48.7	3.3	G	G	G	114	118	163	163	135	135	191	191	133	133	133	133	238	238	247	247	285	288	170	170
Ech6	316	Riki-01	35	320	100	2008	2016-09-08	-68.6	48.7	2.9	F	F	F	120	120	163	163	138	141	191	191	133	133	127	133	235	235	247	247	288	303	168	170
Ech6	317	Riki-01	36	320	100	2008	2016-09-08	-68.6	48.7	2.4	F	F	F	118	118	163	163	141	141	191	191	133	133	127	130	241	241	247	247	288	288	168	170
Ech6	318	Riki-01	37	320	100	2008	2016-09-08	-68.6	48.7	2.4	F	F	F	118	120	163	163	141	141	191	191	136	136	133	133	238	238	247	250	282	282	170	170
Ech6	319	Riki-01	38	320	100	2008	2016-09-08	-68.6	48.7	2.8	F	F	F	118	118	163	163	141	141	191	191	133	133	124	130	238	238	247	247	288	291	170	170
Ech6	320	Riki-01	39	320	100	2008	2016-09-08	-68.6	48.7	2.3	F	F	F	120	120	163	163	141	144	191	191	136	136	127	127	241	241	247	247	291	294	170	170
Ech6	321	Riki-01	40	320	100	2008	2016-09-08	-68.6	48.7	2.4	F	F	F	116	120	163	163	141	141	191	191	136	136	133	133	241	241	247	247	285	288	170	170
Ech6	322	Riki-01	41	320	100	2008	2016-09-08	-68.6	48.7	2.6	F	F	F	118	120	163	163	141	141	191	191	133	133	133	133	238	238	247	247	282	282	168	168
Ech6	323	Riki-01	42	320	100	2008	2016-09-08	-68.6	48.7	2.4	F	F	F	118	118	163	163	141	141	191	194	133	133	124	124	238	238	247	247	288	288	168	170
Ech6	324	Riki-01	43	320	100	2008	2016-09-08	-68.6	48.7	2.6	F	F	F	118	120	163	163	141	141	191	191	136	136	127	133	241	241	247	247	288	288	168	168
Ech6	325	Riki-01	44	320	100	2008	2016-09-08	-68.6	48.7	2.4	F	F	F	120	120	163	163	138	141	191	191	133	136	133	133	238	241	247	247	288	288	170	170
Ech6	326	Riki-01	45	320	100	2008	2016-09-08	-68.6	48.7	2.8	F	F	F	120	120	163	163	141	144	191	191	136	136	130	133	238	241	247	247	291	291	170	170
Ech6	327	Riki-01	46	320	100	2008	2016-09-08	-68.6	48.7	3.3	G	H	H	114	114	163	163	135	141	191	197	133	133	127	133	238	238	247	247	288	288	168	170
Ech6	328	Riki-01	47	320	100	2008	2016-09-08	-68.6	48.7	3.3	G	H	H	114	118	163	163	135	138	191	191	133	133	133	136	238	238	247	247	279	288	168	168
Ech6	329	Riki-01	48	320	100	2008	2016-09-08	-68.6	48.7	3.5	G	H	H	114	114	163	163	135	141	191	197	133	133	127	133	238	238	247	247	285	285	168	170
Ech6	330	Riki-01	49	320	100	2008	2016-09-08	-68.6	48.7	3.1	G	G	G	114	118	163	163	135	135	191	191	133	133	133	133	238	238	247	247	279	309	168	170
Ech6	331	Riki-01	50	320	100	2008	2016-09-08	-68.6	48.7	3.1	G	G	G	114	118	163	163	135	135	191	191	133	133	133	133	238	238	247	247	288	291	170	170
Ech7	332	SI-02	2	125	0	2008	15-juil-08	-55.5	53.3	2.8	F	H	H	114	114	163	163	141	141	191	191	133	133	133	133	238	238	247	247	279	288	168	170
Ech7	333	SI-02	3	125	0	2008	15-juil-08	-55.5	53.3	3.1	G	G	G	114	118	163	163	135	135	191	191	133	133	130	133	238	241	244	247	285	288	168	170
Ech7	334	SI-02	4	125	0	2008	15-juil-08	-55.5	53.3	2.8	F	F	F	118	120	163	163	138	141	191	191	133	133	124	133	238	238	247	247	291	291	170	170
Ech7	335	SI-02	5	125	0	2008	15-juil-08	-55.5	53.3	2.8	F	H	H	114	118	163	163	141	141	191	191	133	133	133	133	238	238	247	247	285	285	168	168
Ech7	336	SI-02	6	125	0	2008	15-juil-08	-55.5	53.3	2.9	F	H	H	114	118	163	163	141	141	191	191	133	133	133	133	238	238	247	247	279	288	168	168
Ech7	337	SI-02	7	125	0	2008	15-juil-08	-55.5	53.3	2.9	F	G	H	114	118	163	163	135	135	191	191	133	133	133	133	238	238	247	247	279	288	168	170
Ech7	338	SI-02	8	125	0	2008	15-juil-08	-55.5	53.3	3	G	H	H	114	118	163	163	135	141	191	191	133	133	133	133	238	238	247	247	288	288	168	168
Ech7	339	SI-02	9	125	0	2008	15-juil-08	-55.5	53.3	2.9	G	G	G	118	120	163	163	135	135	191	191	133	133	133	133	238	238	247	247	285	285	168	170
Ech7	340	SI-02	10	125	0	2008	15-juil-08	-55.5	53.3	2.3	F	F	F	120	120	163	163	138	141	191	191	133	133	133	133	238	238	247	247	288	300	168	170
Ech7	341	SI-02	11	125	0	2008	15-juil-08	-55.5	53.3	3	G	G	G	114	114	163	163	135	135	191	191	133	133	133	133	238	238	244	247	294	294	168	170
Ech7	342	SI-02	13	125	0	2008	15-juil-08	-55.5	53.3	2.4	F	F	F	118	118	163	163	126	138	191	191	133	133	124	133	238	238	247	247	291	303	168	170
Ech7	343	SI-02	14	125	0	2008	15-juil-08	-55.5	53.3	3	G	G	G	114	114	163	163	135	135	191	191	133	133	133	133	238	238	244	247	285	285	168	170
Ech7	344	SI-02	15	125	0	2008	15-juil-08	-55.5	53.3	2.8	G	G	G	114	114	163	163	135	135	191	191	133	133	133	133	238	238	247	247	285	288	168	170
Ech7	345	SI-02	16	125	0	2008	15-juil-08	-55.5	53.3	2.7	G	G	G	114	114	163	163	135	135	191	191	133	133	133	133	238	238	247	247	285	285	168	170
Ech7	346	SI-02	17	125	0	2008	15-juil-08	-55.5	53.3	2.6	F	F	F	116	116	163	163	141	141	188	188	133	133	124	127	238	238	247	247	288	288	170	170
Ech7	347	SI-02	18	125	0	2008	15-juil-08	-55.5	53.3	2.7	F	F	F	118	118	163	163	141	141	191	191	133	133	124	124	238	238	247	247	294	294	168	170
Ech7	348	SI-02	19	125	0	2008	15-juil-08	-55.5	53.3	2.8	G	G	G	118	118	163	163	135	135	191	191	133	133	124	133	238	238	247	247	285	291	168	170
Ech7	349	SI-02	20	125	0	2008	15-juil-08	-55.5	53.3	3	G	G	G	114	114	163	163	135	135	191	191	133	133	133	133	238	238	244	244	282	291	168	170
Ech7	350	SI-02	21	125	0	2008	15-juil-08	-55.5	53.3	2.8	F	H	H	116	118	163	163	135	138	191	191	133	133	130	133	238	238	247	250	291	291	168	170
Ech7	351	SI-02	22	125	0	2008	15-juil-08	-55.5	53.3	3.2	G	G	G	114	118	163	163	135	135	191	191	133	133	133	133	238	238	247	247	297	297	168	170
Ech7	352	SI-02	23	125	0	2008	15-juil-08	-55.5	53.3	2.7	G	G	G	110	114	163	163	135	135	191	200	133	133	133	133	238	238	247	247	285	285	168	170
Ech7	353	SI-02	25	125	0	2008	15-juil-08	-55.5	53.3	3.7	G	G	G	114	118	163	163	135	135	191	191	133	133	133	133	238	238	247	247	285	288	168	170
Ech7	354	SI-02	26	125	0	2008	15-juil-08	-55.5	53.3	3.3	F	G	H	114	118	163	163	135	135	191	191	133	133	133	133	238	238	247	247	285	288	168	170
Ech7	355	SI-02	27	125	0	2008	15-juil-08	-55.5	53.3	3.5	F	G	H	114	118	163	163	135	135	191	191	133	133	121	133	238	238	247	247	285	288	168	168
Ech7	356	SI-02	28	125	0	2008	15-juil-08	-55.5	53.3	3.5	F	G	H	114	118	163	163	135	135	191	191	133	133	133	133	238	238	247	247	285	294	168	170
Ech7	357	SI-02	29	125	0	2008	15-juil-08	-55.5	53.3	3.2	F	G	H	114	118	163	163	135	135	191	191	133	133	133	133	238	238	247	247	285	288	168	170
Ech7	358	SI-02	30	125	0	2008	15-juil-08	-55.5	53.3	3.4	F	G	H	114	118	163	163	135	135	191	191	133	133	133	133	238	238	244	247	285	288	168	170
Ech7	359	SI-02	31	125	0	2008	15-juil-08	-55.5	53.3	3.3	G	G	G	114	118	163	163	135	135	191	191	133	133	133	133	238	238	244	247	285	291	168	170
Ech7	360	SI-02	32	125	0	2008	15-juil-08	-55.5	53.3	3.4	F	G	H	114	118	163	163	135	135	191	191	133	133	133	133	238	238	247	247	285	291	168	170
Ech7	361	SI-02	33	125	0	2008	15-juil-08	-55.5	53.3	3.1	F	G	H	114	118	163	163	135	135	191	191	133	133	133	133	238	238	244	247	285	285	168	170
Ech7	362	SI-02	34	125	0	2008	15-juil-08	-55.5	53.3	3.1	G	H	H	114	118	163	163	135	141	191	191	133	133	133	133	238	238	247	247	285	288	170	170
Ech7	363	SI-02	35	125	0	2008	15-juil-08	-55.5	53.3	3.4	G	H	H	118	118	163	163	135	141	191	191	133	133	133	133	238	238	247	247	276	285	170	170
Ech7	364	SI-02	36	125	0	2008	15-juil-08	-55.5	53.3	3.6	F	H	H	110	114	163	163	135	141	191	191	133	133	136	139	238	238	244	244	288	291	170	170
Ech7	365	SI-02	37	125	0	2008	15-juil-08	-55.5	53.3	3.7	G	G	G	114	118	163	163	135	135	191	191	133	133	133	133	238	238	247	247	285	288	168	170
Ech7	366	SI-02	38	125	0	2008	15-juil-08	-55.5	53.3	2.4	F	G	H	114	118	163	163	126	135	191	191	133	133	133	133	238	238	247	247	285	288	168	168
Ech7	367	SI-02	39	125	0	2008	15-juil-08	-55.5	53.3	3.1	F	G	H	110	118	163	163	135	135	191	191	133	133	133	133	238	238	247	247	285	291	168	170
Ech7	368	SI-02	40	125	0	2008	15-juil-08	-55.5	53.3	3	F	G	H	114	118	163	163	135	135	191	191	133	133	133	133	238	238	247	247	288	288	168	170
Ech7	369	SI-02	41	125	0	2008	15-juil-08	-55.5	53.3	2.8	F	F	F	118	120	163	163	138	141	191	191	133	133	133	136	238	238	247	250	288	300	168	170
Ech7	370	SI-02	42	125	0	2008	15-juil-08	-55.5	53.3	3.1	G	G	G	114	118	163	163	135	135	191	191	133	133	133	133	238	238	247	247	285	288	168	170
Ech7	371	SI-02	43	125	0	2008	15-juil-08	-55.5	53.3	2.9	G	G	G	114	118	163	163	135	135	191	191	133	133	133	133	238	238	244	244	288	288	168	170
Ech7	372	SI-02	44	125	0	2008	15-juil-08	-55.5	53.3	3.1	G	G	G	114	118	163	163	135	135	191	191	133	133	133	133	238	238	247	247	282	285	168	170
Ech7	373	SI-02	45	125	0	2008	15-juil-08	-55.5	53.3	2.4	G	G	G	114	118	163	163	135	135	191	191	133	133	133	133	238	238	247	247	288	288	168	170
Ech7	374	SI-02	46	125	0	2008	15-juil-08	-55.5	53.3	2.8	G	G	G	114	118	163	163	135	135	191	191	133	133	133	133	238	238	244	247	285	288	168	170
Ech7	375	SI-02	47	125	0	2008	15-juil-08	-55.5	53.3	3.3	F	H	H	110	110	163	163	135	141	191	197	130	133	124	133	238	238	247	247	285	300	170	170
Ech8	376	SI-13	1	1000	0	2008	2016-07-08	-53	54.8	3.6	G	H	H	114	118	163	163	135	141	191	191	133	133	133	133	238	238	247	247	288	294	168	170
Ech8	377	SI-13	2	1000	0	2008	2016-07-08	-53	54.8	3.4	G	H	H	114	118	163	163	135	141	191	191	133	133	133	133	238	238	247	247	288	294	168	168
Ech8	378	SI-13	3	1000	0	2008	2016-07-08	-53	54.8	2.9	F	H	H	114	122	160	163	135	141	191	191	133	139	124	124	238	244	247	247	288	294	168	170
Ech8	379	SI-13	4	1000	0	2008	2016-07-08	-53	54.8	2.7	F	H	H	118	122	163	163	135	141	191	191	133	133	133	133	238	238	247	247	291	291	170	170
Ech8	380	SI-13	5	1000	0	2008	2016-07-08	-53	54.8	3.4	G	G	G	110	114	163	163	135	135	191	191	133	133	133	133	238	238	247	247	288	294	168	168
Ech8	381	SI-13	6	1000	0	2008	2016-07-08	-53	54.8	2.8	F	F	F	112	118	163	163	138	138	191	191	133	133	133	142	238	238	247	247	291	291	168	168
Ech8	382	SI-13	7	1000	0	2008	2016-07-08	-53	54.8	3.5	G	G	G	114	114	163	163	135	135	191	191	133	133	130	133	238	238	247	247	288	294	168	168
Ech8	383	SI-13	8	1000	0	2008	2016-07-08	-53	54.8	3.5	G	G	G	114	118	163	163	135	135	191	191	133	133	133	133	238	238	247	247	288	294	168	168
Ech8	384	SI-13	9	1000	0	2008	2016-07-08	-53	54.8	3.5	G	G	G	118	118	163	163	135	135	191	191	133	133	133	133	238	238	247	247	288	294	168	168
Ech8	385	SI-13	10	1000	0	2008	2016-07-08	-53	54.8	3.6	G	G	G	114	114	163	163	135	135	191	191	133	133	133	133	238	238	247	247	288	294	170	170
Ech8	386	SI-13	11	1000	0	2008	2016-07-08	-53	54.8	3	F	F	F	116	122	163	163	0	0	191	191	133	133	133	133	238	238	247	247	288	294	168	170
Ech8	387	SI-13	12	1000	0	2008	2016-07-08	-53	54.8	2.9	F	H	H	118	118	163	163	141	141	191	191	133	133	130	133	238	238	247	247	288	288	168	168
Ech8	388	SI-13	13	1000	0	2008	2016-07-08	-53	54.8	2.1	F	F	F	120	128	163	163	141	141	191	194	133	133	133	133	238	238	247	247	291	291	168	170
Ech8	389	SI-13	14	1000	0	2008	2016-07-08	-53	54.8	2.8	F	F	F	116	118	163	163	141	141	191	191	133	142	124	124	238	238	247	250	288	294	168	170
Ech8	390	SI-13	15	1000	0	2008	2016-07-08	-53	54.8	2.9	F	F	F	118	126	157	163	141	141	191	191	133	136	127	133	238	241	247	247	288	294	168	170
Ech8	391	SI-13	16	1000	0	2008	2016-07-08	-53	54.8	2.8	F	F	F	118	118	163	163	141	141	191	191	133	133	124	133	238	238	247	247	288	294	168	170
Ech8	392	SI-13	17	1000	0	2008	2016-07-08	-53	54.8	2.9	F	H	H	118	120	163	163	141	141	191	191	133	133	130	136	238	238	247	247	285	288	168	168
Ech8	393	SI-13	18	1000	0	2008	2016-07-08	-53	54.8	2.8	F	F	F	118	122	163	163	138	141	191	191	133	139	133	133	238	244	247	247	294	294	170	174
Ech8	394	SI-13	19	1000	0	2008	2016-07-08	-53	54.8	2.5	F	F	F	116	118	163	163	141	141	194	194	133	133	124	124	238	238	247	247	285	288	170	170
Ech8	395	SI-13	20	1000	0	2008	2016-07-08	-53	54.8	3	F	F	F	116	118	163	163	135	144	191	191	133	136	124	130	238	241	247	247	282	291	170	170
Ech8	396	SI-13	21	1000	0	2008	2016-07-08	-53	54.8	2.4	F	F	F	118	124	163	163	138	144	191	191	133	133	124	124	238	238	247	247	297	297	168	168
Ech8	397	SI-13	22	1000	0	2008	2016-07-08	-53	54.8	2.6	F	F	F	118	120	163	163	141	141	191	191	133	136	124	133	238	241	247	247	288	294	168	170
Ech8	398	SI-13	23	1000	0	2008	2016-07-08	-53	54.8	2.8	F	H	H	116	116	163	163	129	141	191	191	133	133	127	133	238	238	247	247	288	288	168	170
Ech8	399	SI-13	24	1000	0	2008	2016-07-08	-53	54.8	2.6	F	F	F	120	128	163	163	141	141	191	191	133	133	130	133	238	238	247	247	288	288	168	168
Ech8	400	SI-13	25	1000	0	2008	2016-07-08	-53	54.8	2.6	F	F	F	118	128	163	163	138	141	191	191	133	136	124	133	238	241	247	247	294	294	170	170
Ech8	401	SI-13	26	1000	0	2008	2016-07-08	-53	54.8	2.6	F	F	F	120	120	157	163	138	141	191	191	136	139	133	133	241	244	247	247	282	282	170	174
Ech8	402	SI-13	27	1000	0	2008	2016-07-08	-53	54.8	2.8	F	F	F	118	124	154	163	141	141	191	194	133	136	133	133	238	241	247	247	288	294	168	170
Ech8	403	SI-13	28	1000	0	2008	2016-07-08	-53	54.8	2.7	F	H	H	112	114	163	163	141	141	191	191	133	133	124	133	238	238	247	247	288	294	168	170
Ech8	404	SI-13	29	1000	0	2008	2016-07-08	-53	54.8	2.8	F	F	F	118	118	163	163	138	141	191	191	133	133	127	133	238	238	247	247	291	294	170	172
Ech8	405	SI-13	30	1000	0	2008	2016-07-08	-53	54.8	2.6	F	F	F	118	120	163	163	141	141	191	191	133	133	124	133	238	238	247	247	288	291	168	170
Ech8	406	SI-13	31	1000	0	2008	2016-07-08	-53	54.8	2.9	F	F	F	118	118	163	163	138	141	191	191	133	133	127	127	238	238	247	247	288	291	168	170
Ech8	407	SI-13	32	1000	0	2008	2016-07-08	-53	54.8	2.4	F	F	F	112	120	163	163	141	141	191	191	133	133	133	142	238	238	244	247	288	288	168	170
Ech8	408	SI-13	33	1000	0	2008	2016-07-08	-53	54.8	2.9	F	F	F	118	118	148	163	141	141	191	194	133	136	121	127	241	241	244	247	288	288	170	170
Ech8	409	SI-13	34	1000	0	2008	2016-07-08	-53	54.8	2.8	F	H	H	118	122	163	163	129	141	191	194	133	133	124	133	238	238	247	247	288	288	168	168
Ech8	410	SI-13	35	1000	0	2008	2016-07-08	-53	54.8	2.7	F	F	F	112	118	163	163	141	141	191	191	133	133	133	133	238	238	247	247	294	294	168	168
Ech8	411	SI-13	36	1000	0	2008	2016-07-08	-53	54.8	2.7	F	F	F	118	118	163	163	138	141	191	191	133	136	127	133	238	241	247	247	288	294	168	168
Ech8	412	SI-13	37	1000	0	2008	2016-07-08	-53	54.8	2.7	F	H	H	118	118	163	163	138	141	191	191	133	133	124	133	238	238	247	247	285	285	168	168
Ech8	413	SI-13	38	1000	0	2008	2016-07-08	-53	54.8	2.7	F	F	F	120	122	163	163	141	141	191	191	133	133	133	133	238	238	247	247	282	291	168	170
Ech8	414	SI-13	39	1000	0	2008	2016-07-08	-53	54.8	2.7	F	F	F	118	128	163	163	141	141	188	191	133	133	124	130	238	238	247	247	288	288	168	170
Ech8	415	SI-13	40	1000	0	2008	2016-07-08	-53	54.8	2.6	F	F	F	116	122	163	163	141	144	191	191	133	133	133	133	238	238	247	250	291	291	168	168
Ech8	416	SI-13	41	1000	0	2008	2016-07-08	-53	54.8	3.4	G	G	G	114	118	163	163	135	135	191	191	133	133	133	133	238	238	247	247	279	291	168	168
Ech8	417	SI-13	42	1000	0	2008	2016-07-08	-53	54.8	2.4	F	F	F	112	116	163	163	138	144	191	191	133	133	124	127	238	238	247	247	288	288	170	170
Ech8	418	SI-13	43	1000	0	2008	2016-07-08	-53	54.8	3.6	G	H	H	118	118	163	163	135	141	191	191	133	133	127	133	238	238	247	247	276	288	170	170
Ech8	419	SI-13	44	1000	0	2008	2016-07-08	-53	54.8	2.7	F	F	F	118	120	163	163	141	141	191	191	133	133	124	133	238	238	247	247	294	294	170	170
Ech8	420	SI-13	45	1000	0	2008	2016-07-08	-53	54.8	2.3	F	F	F	112	120	163	163	141	141	191	191	133	133	124	124	238	238	247	253	282	288	168	170
Ech8	421	SI-13	46	1000	0	2008	2016-07-08	-53	54.8	2.9	F	F	F	112	120	163	163	141	141	191	191	133	136	127	133	238	241	247	247	291	291	168	170
Ech8	422	SI-13	47	1000	0	2008	2016-07-08	-53	54.8	2.9	F	H	H	118	118	163	163	135	144	191	194	136	136	133	133	238	241	247	247	285	285	168	170
Ech8	423	SI-13	48	1000	0	2008	2016-07-08	-53	54.8	3	F	F	F	118	118	163	163	138	138	188	188	133	136	124	133	238	241	247	247	291	291	168	170
Ech9	424	ST-308	1	492	0	2009	2020-10-09	-108.8	74.1	2.7	G	G	G	114	118	163	163	117	129	191	191	127	133	133	133	238	238	247	247	285	291	168	168
Ech9	425	ST-308	2	492	0	2009	2020-10-09	-108.8	74.1	3	G	G	G	114	118	163	163	129	129	191	191	133	133	133	133	238	238	247	247	285	285	168	170
Ech9	426	ST-308	3	492	0	2009	2020-10-09	-108.8	74.1	3.3	G	G	G	114	118	163	163	135	135	191	191	133	133	124	133	238	238	247	247	285	285	168	170
Ech9	427	ST-308	4	492	0	2009	2020-10-09	-108.8	74.1	3	G	G	G	114	114	163	163	135	135	191	191	133	133	133	133	238	238	247	247	285	285	168	170
Ech9	428	ST-308	5	492	0	2009	2020-10-09	-108.8	74.1	3	G	G	G	118	118	163	163	129	135	191	191	133	133	133	133	238	241	247	247	285	300	168	170
Ech9	429	ST-308	6	492	0	2009	2020-10-09	-108.8	74.1	3.4	G	G	G	114	118	163	163	135	135	191	191	133	133	133	133	238	238	244	247	288	297	168	170
Ech9	430	ST-308	7	492	0	2009	2020-10-09	-108.8	74.1	3	G	G	G	114	118	163	163	135	135	191	191	133	133	133	133	238	238	247	247	285	288	168	170
Ech9	431	ST-308	8	492	0	2009	2020-10-09	-108.8	74.1	3	G	G	G	114	118	163	163	135	135	191	191	133	133	133	133	238	238	247	247	285	291	168	170
Ech9	432	ST-308	9	492	0	2009	2020-10-09	-108.8	74.1	3.5	G	G	G	114	118	163	163	135	135	191	191	133	133	133	133	238	238	247	247	285	285	168	170
Ech9	433	ST-308	10	492	0	2009	2020-10-09	-108.8	74.1	3.1	G	G	G	110	114	163	163	129	135	191	191	133	133	133	133	238	238	244	247	285	288	168	170
Ech9	434	ST-308	11	492	0	2009	2020-10-09	-108.8	74.1	3.1	G	G	G	114	118	163	163	129	135	191	197	133	133	133	133	238	238	247	247	288	291	168	168
Ech9	435	ST-308	12	492	0	2009	2020-10-09	-108.8	74.1	3.4	G	G	G	110	118	163	163	135	135	191	191	133	133	133	133	238	238	247	247	288	288	168	170
Ech9	436	ST-308	13	492	0	2009	2020-10-09	-108.8	74.1	3.4	G	G	G	118	118	163	163	135	135	191	191	133	133	118	133	238	238	247	247	288	294	168	170
Ech9	437	ST-308	14	492	0	2009	2020-10-09	-108.8	74.1	3.4	G	G	G	114	114	163	163	135	135	191	191	133	133	133	133	238	238	247	247	285	291	170	170
Ech9	438	ST-308	15	492	0	2009	2020-10-09	-108.8	74.1	3.3	G	G	G	110	118	163	163	129	135	191	191	133	133	133	133	238	241	247	247	285	285	168	170
Ech9	439	ST-308	16	492	0	2009	2020-10-09	-108.8	74.1	3.7	G	G	G	114	114	163	163	129	135	191	191	133	133	133	133	238	238	247	247	288	288	168	170
Ech9	440	ST-308	17	492	0	2009	2020-10-09	-108.8	74.1	3.3	G	G	G	114	118	163	163	135	135	191	191	133	133	133	133	238	238	247	247	285	285	168	170
Ech9	441	ST-308	18	492	0	2009	2020-10-09	-108.8	74.1	3.4	G	G	G	114	118	163	163	135	135	191	191	133	133	133	133	238	238	244	247	285	285	168	170
Ech9	442	ST-308	19	492	0	2009	2020-10-09	-108.8	74.1	3.6	G	G	G	114	118	163	163	135	135	191	197	133	133	133	133	238	238	244	247	285	288	168	170
Ech9	443	ST-308	20	492	0	2009	2020-10-09	-108.8	74.1	3.3	G	G	G	114	118	163	163	135	135	191	191	133	133	133	133	238	238	247	247	288	297	168	168
Ech9	444	ST-308	21	492	0	2009	2020-10-09	-108.8	74.1	3.5	G	G	G	118	118	163	163	135	135	191	191	133	133	133	133	238	238	244	247	276	285	168	168
Ech9	445	ST-308	22	492	0	2009	2020-10-09	-108.8	74.1	3.1	G	G	G	110	114	163	163	135	135	191	191	133	133	133	136	238	238	247	247	285	285	168	168
Ech9	446	ST-308	23	492	0	2009	2020-10-09	-108.8	74.1	3	G	G	G	114	118	163	163	135	135	191	191	133	133	133	133	238	238	244	247	285	288	168	168
Ech9	447	ST-308	24	492	0	2009	2020-10-09	-108.8	74.1	3.2	G	G	G	114	118	163	163	135	135	191	191	133	133	133	133	238	238	247	247	285	288	168	168
Ech9	448	ST-308	25	492	0	2009	2020-10-09	-108.8	74.1	3.6	G	G	G	114	118	163	163	129	135	191	191	133	133	133	133	238	238	244	247	276	294	168	170
Ech9	449	ST-308	26	492	0	2009	2020-10-09	-108.8	74.1	3.1	G	G	G	114	118	163	163	135	135	191	197	133	133	133	133	238	238	244	247	285	288	168	170
Ech9	450	ST-308	27	492	0	2009	2020-10-09	-108.8	74.1	3	G	G	G	114	118	163	163	135	135	191	191	133	133	124	133	238	238	247	247	276	288	168	168
Ech9	451	ST-308	28	492	0	2009	2020-10-09	-108.8	74.1	3.5	G	G	G	114	118	163	163	135	135	191	191	133	133	133	133	238	238	247	247	285	291	168	170
Ech9	452	ST-308	29	492	0	2009	2020-10-09	-108.8	74.1	2.8	G	G	G	114	118	163	163	135	135	191	191	133	133	133	133	238	238	247	247	285	291	168	170
Ech9	453	ST-308	30	492	0	2009	2020-10-09	-108.8	74.1	3.3	G	G	G	114	118	163	163	135	135	191	191	133	133	133	133	238	238	247	247	285	288	168	170
Ech9	454	ST-308	31	492	0	2009	2020-10-09	-108.8	74.1	3.1	G	G	G	114	118	163	163	135	135	191	191	133	133	133	133	238	241	247	247	285	288	168	168
Ech9	455	ST-308	32	492	0	2009	2020-10-09	-108.8	74.1	3.4	G	G	G	114	118	163	163	135	135	191	191	133	133	133	133	238	238	247	247	285	288	168	170
Ech9	456	ST-308	33	492	0	2009	2020-10-09	-108.8	74.1	3.6	G	G	G	114	118	163	163	135	135	191	197	133	133	133	133	238	238	247	247	288	288	168	168
Ech9	457	ST-308	34	492	0	2009	2020-10-09	-108.8	74.1	3.4	G	G	G	110	114	163	163	135	135	191	197	133	133	130	130	238	238	247	247	285	288	168	170
Ech9	458	ST-308	35	492	0	2009	2020-10-09	-108.8	74.1	3.2	G	G	G	114	114	163	163	135	135	191	191	133	133	133	133	238	238	247	247	285	291	168	170
Ech9	459	ST-308	36	492	0	2009	2020-10-09	-108.8	74.1	3.3	G	G	G	114	114	163	163	135	135	191	191	133	133	133	133	238	238	247	247	288	291	168	170
Ech9	460	ST-308	37	492	0	2009	2020-10-09	-108.8	74.1	3.2	G	G	G	114	114	163	163	129	135	182	191	127	133	133	133	238	238	247	247	288	288	168	170
Ech9	461	ST-308	38	492	0	2009	2020-10-09	-108.8	74.1	3.2	G	G	G	114	118	163	163	135	135	191	191	133	133	133	133	238	238	244	247	285	291	168	170
Ech9	462	ST-308	39	492	0	2009	2020-10-09	-108.8	74.1	3.4	G	G	G	114	118	163	163	135	135	191	191	133	133	133	133	238	238	247	247	285	288	168	170
Ech9	463	ST-308	40	492	0	2009	2020-10-09	-108.8	74.1	3.7	G	G	G	114	118	163	163	129	135	191	191	127	133	133	133	238	238	244	247	285	297	168	170
Ech9	464	ST-308	41	492	0	2009	2020-10-09	-108.8	74.1	3.6	G	G	G	114	118	163	163	135	135	191	191	133	133	124	133	238	238	247	247	285	285	170	170
Ech9	465	ST-308	42	492	0	2009	2020-10-09	-108.8	74.1	3.4	G	G	G	114	118	163	163	129	135	191	197	127	133	133	133	238	238	247	247	285	297	168	168
Ech9	466	ST-308	43	492	0	2009	2020-10-09	-108.8	74.1	3.2	G	G	G	114	118	163	163	135	135	191	197	133	133	133	133	235	238	244	247	285	288	168	168
Ech9	467	ST-308	44	492	0	2009	2020-10-09	-108.8	74.1	3.3	G	G	G	114	118	163	163	135	135	191	191	133	133	133	133	0	0	247	247	288	291	168	168
Ech9	468	ST-308	45	492	0	2009	2020-10-09	-108.8	74.1	3.5	G	G	G	114	118	163	163	135	135	191	197	133	133	133	133	238	238	244	247	288	300	168	170
Ech9	469	ST-308	46	492	0	2009	2020-10-09	-108.8	74.1	3.2	G	G	G	110	118	163	163	135	135	191	191	133	133	133	142	238	238	247	247	0	0	170	170
Ech9	470	ST-308	47	492	0	2009	2020-10-09	-108.8	74.1	3.4	G	G	G	110	114	163	163	135	135	191	191	133	133	133	133	238	238	247	247	288	297	168	168
Ech9	471	ST-308	48	492	0	2009	2020-10-09	-108.8	74.1	3.4	G	G	G	114	118	163	163	135	135	191	191	133	133	133	133	238	238	244	247	291	300	168	170
Ech10	472	ST-323	1	700	0	2009	25-oct-09	-80.5	74.2	3.6	G	G	G	114	114	163	163	135	138	191	191	133	133	133	133	238	238	244	247	288	288	170	170
Ech10	473	ST-323	2	700	0	2009	25-oct-09	-80.5	74.2	3.6	G	H	H	114	114	163	163	135	141	191	191	133	133	133	133	238	238	247	247	282	285	170	170
Ech10	474	ST-323	3	700	0	2009	25-oct-09	-80.5	74.2	3.6	G	H	H	118	126	163	163	135	141	191	191	133	133	133	133	238	238	247	247	285	285	170	170
Ech10	475	ST-323	4	700	0	2009	25-oct-09	-80.5	74.2	3.7	G	G	G	114	114	163	163	135	141	191	191	133	133	133	133	238	238	247	247	285	285	170	170
Ech10	476	ST-323	5	700	0	2009	25-oct-09	-80.5	74.2	3.5	G	H	H	114	114	163	163	135	141	191	191	133	133	133	133	238	238	247	247	288	294	170	170
Ech10	477	ST-323	6	700	0	2009	25-oct-09	-80.5	74.2	3.7	G	G	G	114	114	163	163	135	141	191	197	133	133	133	133	238	238	247	247	285	288	168	170
Ech10	478	ST-323	7	700	0	2009	25-oct-09	-80.5	74.2	3.5	G	H	H	114	114	163	163	135	141	191	197	133	133	133	133	238	241	247	247	285	288	168	170
Ech10	479	ST-323	8	700	0	2009	25-oct-09	-80.5	74.2	4	G	G	G	114	114	163	163	135	141	191	191	133	133	133	133	238	238	247	247	285	306	170	170
Ech10	480	ST-323	9	700	0	2009	25-oct-09	-80.5	74.2	3.1	G	G	G	114	114	163	163	135	141	191	191	133	133	133	133	238	238	244	247	285	291	168	170
Ech10	481	ST-323	10	700	0	2009	25-oct-09	-80.5	74.2	3.1	G	G	G	114	114	163	163	135	141	191	197	133	133	133	133	238	238	244	247	288	294	168	170
Ech10	482	ST-323	11	700	0	2009	25-oct-09	-80.5	74.2	3.2	G	G	G	118	118	163	163	132	135	191	191	133	133	133	133	238	238	247	247	288	288	168	170
Ech10	483	ST-323	12	700	0	2009	25-oct-09	-80.5	74.2	3.1	G	F	H	118	118	163	163	138	141	191	191	133	133	133	133	238	238	247	247	288	294	170	170
Ech10	484	ST-323	13	700	0	2009	25-oct-09	-80.5	74.2	2.7	G	H	H	114	118	163	163	135	141	191	197	133	133	133	133	238	238	247	247	288	291	170	170
Ech10	485	ST-323	14	700	0	2009	25-oct-09	-80.5	74.2	2.9	F	F	F	112	112	163	163	138	141	191	191	133	133	121	133	238	238	247	247	282	288	170	170
Ech10	486	ST-323	15	700	0	2009	25-oct-09	-80.5	74.2	2.6	F	H	H	118	122	163	163	135	141	191	191	136	136	121	124	238	238	247	247	297	297	168	168
Ech10	487	ST-323	16	700	0	2009	25-oct-09	-80.5	74.2	2.7	F	F	F	118	118	163	163	138	141	191	194	133	133	127	127	238	238	244	244	294	294	170	170
Ech10	488	ST-323	17	700	0	2009	25-oct-09	-80.5	74.2	3.3	G	H	H	114	118	163	163	135	141	191	191	133	133	133	133	238	238	247	247	285	285	170	170
Ech10	489	ST-323	18	700	0	2009	25-oct-09	-80.5	74.2	3.3	G	G	G	114	118	163	163	135	141	191	191	133	133	133	133	238	238	247	247	285	285	168	170
Ech10	490	ST-323	19	700	0	2009	25-oct-09	-80.5	74.2	3.4	G	H	H	114	114	163	163	135	141	191	191	133	133	133	133	238	238	244	247	288	294	170	170
Ech10	491	ST-323	20	700	0	2009	25-oct-09	-80.5	74.2	3.1	G	H	H	114	114	163	163	135	138	191	191	133	133	133	133	238	238	247	247	288	300	170	170
Ech10	492	ST-323	21	700	0	2009	25-oct-09	-80.5	74.2	3.7	G	G	G	114	118	163	163	135	141	191	191	133	133	133	133	238	238	247	247	285	291	168	170
Ech10	493	ST-323	22	700	0	2009	25-oct-09	-80.5	74.2	3.3	G	G	G	110	114	163	163	135	141	191	191	133	133	133	133	238	238	247	247	285	285	170	170
Ech10	494	ST-323	23	700	0	2009	25-oct-09	-80.5	74.2	3.5	G	G	G	114	114	163	163	135	138	191	191	133	133	133	133	235	238	247	247	291	294	168	170
Ech10	495	ST-323	24	700	0	2009	25-oct-09	-80.5	74.2	3.1	G	G	G	114	114	163	163	135	141	191	191	133	133	133	133	238	238	244	247	285	294	170	170
Ech10	496	ST-323	25	700	0	2009	25-oct-09	-80.5	74.2	3.2	G	H	H	114	114	163	163	135	141	191	191	133	133	133	133	238	238	247	247	279	288	170	170
Ech10	497	ST-323	26	700	0	2009	25-oct-09	-80.5	74.2	3.4	G	H	H	114	114	163	163	135	141	191	197	133	133	133	133	238	238	247	247	285	294	170	170
Ech10	498	ST-323	27	700	0	2009	25-oct-09	-80.5	74.2	3.1	G	G	G	114	114	163	163	135	141	191	191	133	133	133	133	238	238	247	247	285	288	168	170
Ech10	499	ST-323	28	700	0	2009	25-oct-09	-80.5	74.2	3.4	G	G	G	110	114	163	163	135	141	191	191	133	133	133	133	238	238	247	247	279	291	168	170
Ech10	500	ST-323	29	700	0	2009	25-oct-09	-80.5	74.2	2.9	G	G	G	114	114	163	163	135	138	191	191	133	133	133	133	238	241	244	247	285	285	170	170
Ech10	501	ST-323	30	700	0	2009	25-oct-09	-80.5	74.2	3.2	G	G	G	114	114	163	163	135	141	191	191	133	133	133	133	238	241	244	247	279	285	168	170
Ech10	502	ST-323	31	700	0	2009	25-oct-09	-80.5	74.2	3.1	G	G	G	114	114	163	163	129	135	191	191	133	133	124	133	238	238	247	247	291	303	170	170
Ech10	503	ST-323	32	700	0	2009	25-oct-09	-80.5	74.2	3.1	G	H	H	114	114	163	163	135	141	191	191	133	133	133	133	238	238	247	247	285	297	170	170
Ech11	504	TBB-6	1	139	0	2008	2019-06-08	-59.7	50	2.8	F	F	F	120	128	163	172	138	141	191	191	133	133	124	124	238	238	247	247	285	288	170	170
Ech11	505	TBB-6	2	139	0	2008	2019-06-08	-59.7	50	2.8	F	F	F	116	126	163	163	141	141	188	191	133	133	127	130	238	238	247	247	282	291	170	170
Ech11	506	TBB-6	3	139	0	2008	2019-06-08	-59.7	50	2.8	F	F	F	126	126	163	163	138	141	191	194	133	133	127	133	238	238	247	247	297	306	168	170
Ech11	507	TBB-6	4	139	0	2008	2019-06-08	-59.7	50	2.8	F	F	F	118	118	163	163	138	141	191	191	133	133	133	136	238	238	247	247	282	288	170	170
Ech11	508	TBB-6	5	139	0	2008	2019-06-08	-59.7	50	2.6	F	F	F	116	116	163	163	141	141	191	194	133	133	127	133	238	238	247	247	282	288	170	170
Ech11	509	TBB-6	6	139	0	2008	2019-06-08	-59.7	50	2.7	F	F	F	118	120	163	175	138	141	191	191	133	136	124	124	238	241	247	247	288	288	170	170
Ech11	510	TBB-6	7	139	0	2008	2019-06-08	-59.7	50	2.7	F	F	F	118	120	163	169	141	141	191	191	133	133	127	133	238	238	247	247	288	288	170	170
Ech11	511	TBB-6	8	139	0	2008	2019-06-08	-59.7	50	3.1	F	H	H	114	118	169	169	141	141	191	194	133	133	133	133	238	238	247	247	285	285	168	170
Ech11	512	TBB-6	9	139	0	2008	2019-06-08	-59.7	50	2.6	F	F	F	118	120	163	169	141	141	191	191	133	133	124	124	238	238	247	247	285	288	170	170
Ech11	513	TBB-6	10	139	0	2008	2019-06-08	-59.7	50	2.9	F	F	F	118	118	169	169	138	141	191	191	133	136	133	133	238	241	247	247	285	291	170	170
Ech11	514	TBB-6	11	139	0	2008	2019-06-08	-59.7	50	3	F	F	F	120	120	169	169	141	141	191	191	133	133	133	133	238	238	247	247	288	291	170	170
Ech11	515	TBB-6	12	139	0	2008	2019-06-08	-59.7	50	3	F	F	F	118	120	169	169	141	141	191	191	133	133	124	133	238	238	247	247	285	297	170	170
Ech11	516	TBB-6	13	139	0	2008	2019-06-08	-59.7	50	3.1	F	F	F	118	118	163	169	141	141	191	191	133	133	127	127	238	238	247	247	291	291	170	170
Ech11	517	TBB-6	14	139	0	2008	2019-06-08	-59.7	50	3	F	F	F	118	118	169	169	141	144	191	191	133	133	133	133	238	241	247	247	288	288	170	170
Ech11	518	TBB-6	15	139	0	2008	2019-06-08	-59.7	50	2.6	F	F	F	120	120	169	169	141	141	191	191	136	136	124	127	238	241	247	247	285	291	170	170
Ech11	519	TBB-6	16	139	0	2008	2019-06-08	-59.7	50	3.1	F	F	F	120	120	163	169	138	141	191	191	133	136	124	133	238	241	247	247	288	291	170	170
Ech11	520	TBB-6	17	139	0	2008	2019-06-08	-59.7	50	2.8	F	F	F	118	120	163	169	138	141	188	191	136	136	133	133	238	241	247	247	288	291	170	170
Ech11	521	TBB-6	18	139	0	2008	2019-06-08	-59.7	50	3	F	F	F	118	118	169	169	141	144	191	191	133	136	124	127	238	241	247	247	282	282	170	170
Ech11	522	TBB-6	19	139	0	2008	2019-06-08	-59.7	50	2.7	F	F	F	118	118	163	169	138	141	194	194	133	139	133	133	238	244	247	247	288	288	168	168
Ech11	523	TBB-6	20	139	0	2008	2019-06-08	-59.7	50	2.8	F	F	F	118	120	0	0	141	141	191	191	133	133	124	124	238	241	247	247	285	288	168	168
Ech11	524	TBB-6	22	139	0	2008	2019-06-08	-59.7	50	2.8	F	F	F	124	130	163	169	138	141	188	191	133	133	0	0	238	238	247	247	285	291	170	170
Ech11	525	TBB-6	23	139	0	2008	2019-06-08	-59.7	50	2.7	F	F	F	116	118	169	169	138	138	191	194	133	133	133	133	238	238	238	247	282	288	170	170
Ech11	526	TBB-6	24	139	0	2008	2019-06-08	-59.7	50	2.6	F	H	H	118	120	163	169	141	141	191	191	133	133	127	133	0	0	247	247	285	288	168	170
Ech11	527	TBB-6	28	139	0	2008	2019-06-08	-59.7	50	3.6	F	H	H	114	122	163	163	135	141	191	191	133	133	124	133	238	241	247	247	306	309	170	170
Ech11	528	TBB-6	29	139	0	2008	2019-06-08	-59.7	50	3.6	F	H	H	114	114	163	163	135	141	191	197	133	133	133	133	238	241	247	247	288	291	170	170
Ech11	529	TBB-6	30	139	0	2008	2019-06-08	-59.7	50	3.7	F	H	H	118	126	163	163	135	141	191	191	133	133	133	133	238	241	247	247	288	288	170	170
Ech11	530	TBB-6	31	139	0	2008	2019-06-08	-59.7	50	3.4	F	H	H	114	118	163	163	138	141	191	197	133	133	133	133	235	241	247	247	285	285	168	170
Ech11	531	TBB-6	32	139	0	2008	2019-06-08	-59.7	50	3.6	F	H	H	110	122	163	163	135	141	191	191	133	133	127	136	238	238	247	247	291	291	170	170
Ech11	532	TBB-6	33	139	0	2008	2019-06-08	-59.7	50	3.5	F	H	H	114	114	163	163	135	141	191	191	133	133	133	133	238	241	247	247	285	291	170	170
Ech11	533	TBB-6	34	139	0	2008	2019-06-08	-59.7	50	3.7	F	H	H	114	120	163	163	135	141	191	191	133	133	124	133	238	238	247	247	285	285	170	170
Ech11	534	TBB-6	35	139	0	2008	2019-06-08	-59.7	50	3.5	F	G	H	114	114	163	163	135	141	191	197	133	133	124	133	238	238	244	244	285	291	170	170
Ech11	535	TBB-6	36	139	0	2008	2019-06-08	-59.7	50	3.5	G	G	G	114	114	163	163	135	141	191	197	133	133	133	133	238	238	244	247	285	285	170	170
Ech11	536	TBB-6	37	139	0	2008	2019-06-08	-59.7	50	3.6	F	G	H	114	114	163	163	135	141	191	197	133	133	133	133	238	238	244	247	285	294	170	170
Ech11	537	TBB-6	38	139	0	2008	2019-06-08	-59.7	50	2.3	F	H	H	118	118	163	163	141	141	191	197	133	136	127	133	241	241	247	247	288	288	170	170
Ech11	538	TBB-6	39	139	0	2008	2019-06-08	-59.7	50	2.8	F	F	F	118	118	163	163	138	141	191	191	133	142	133	142	238	238	247	247	291	291	170	170
Ech11	539	TBB-6	40	139	0	2008	2019-06-08	-59.7	50	2.1	F	F	F	118	118	163	163	138	141	191	191	133	133	124	133	238	238	247	247	297	297	170	170
Ech11	540	TBB-6	41	139	0	2008	2019-06-08	-59.7	50	2.2	F	F	F	112	112	163	163	141	141	191	197	133	133	127	133	238	238	247	247	294	294	170	170
Ech11	541	TBB-6	42	139	0	2008	2019-06-08	-59.7	50	2.5	F	F	F	118	120	163	163	141	141	191	191	133	133	124	127	238	238	247	247	282	282	168	170
Ech11	542	TBB-6	43	139	0	2008	2019-06-08	-59.7	50	2.5	F	F	F	116	118	163	166	147	147	188	188	133	136	124	136	238	241	247	247	291	291	170	170
Ech11	543	TBB-6	44	139	0	2008	2019-06-08	-59.7	50	2.5	F	F	F	118	120	163	163	141	141	191	191	136	136	124	133	241	241	247	247	291	291	170	170
Ech11	544	TBB-6	45	139	0	2008	2019-06-08	-59.7	50	2.1	F	F	F	116	120	163	163	138	141	191	191	133	133	124	133	238	238	244	247	297	297	170	170
Ech11	545	TBB-6	46	139	0	2008	2019-06-08	-59.7	50	2.6	F	H	H	118	126	163	163	141	144	191	191	133	133	124	130	238	238	247	247	285	285	168	168
Ech11	546	TBB-6	47	139	0	2008	2019-06-08	-59.7	50	3.3	G	H	H	114	114	163	163	135	138	191	191	133	133	124	133	238	238	247	247	285	294	170	170
Ech11	547	TBB-6	48	139	0	2008	2019-06-08	-59.7	50	3.3	G	H	H	114	114	163	163	135	141	191	197	133	133	133	133	238	238	247	247	288	288	170	170
Ech12	548	TCEN-3	1	352	0	2008	20-juin-08	-61.3	48.5	2.5	F	F	F	118	120	163	163	138	144	191	194	133	136	124	133	238	241	247	247	288	288	168	170
Ech12	549	TCEN-3	2	352	0	2008	20-juin-08	-61.3	48.5	2.5	F	F	F	122	122	163	163	138	141	191	191	133	136	127	130	238	238	244	247	294	294	168	170
Ech12	550	TCEN-3	3	352	0	2008	20-juin-08	-61.3	48.5	3.2	G	G	G	114	118	163	163	135	135	191	191	133	133	133	133	238	238	247	247	282	288	168	168
Ech12	551	TCEN-3	5	352	0	2008	20-juin-08	-61.3	48.5	2.5	F	F	F	122	122	163	163	138	141	191	191	133	136	127	133	238	241	247	247	288	288	168	170
Ech12	552	TCEN-3	6	352	0	2008	20-juin-08	-61.3	48.5	2.8	F	F	F	116	120	163	163	138	138	191	197	133	136	133	133	238	241	244	247	294	294	168	170
Ech12	553	TCEN-3	7	352	0	2008	20-juin-08	-61.3	48.5	2.5	F	H	H	114	118	157	163	138	141	191	197	133	136	130	133	238	241	247	247	279	282	170	170
Ech12	554	TCEN-3	9	352	0	2008	20-juin-08	-61.3	48.5	3.3	G	G	G	114	118	163	163	135	135	191	191	133	133	124	133	238	238	247	247	285	285	168	170
Ech12	555	TCEN-3	10	352	0	2008	20-juin-08	-61.3	48.5	3.5	G	G	G	114	118	163	163	0	0	191	191	133	133	133	133	238	238	247	247	285	285	168	168
Ech12	556	TCEN-3	11	352	0	2008	20-juin-08	-61.3	48.5	3.4	G	G	G	114	118	163	163	135	135	191	191	133	133	133	133	238	238	247	247	288	306	168	168
Ech12	557	TCEN-3	12	352	0	2008	20-juin-08	-61.3	48.5	2.7	F	F	F	118	120	163	166	141	141	191	191	133	133	133	133	238	238	247	247	282	294	170	170
Ech12	558	TCEN-3	13	352	0	2008	20-juin-08	-61.3	48.5	2.6	F	F	F	120	120	163	163	141	141	191	197	133	133	127	133	238	238	247	250	288	288	168	170
Ech12	559	TCEN-3	14	352	0	2008	20-juin-08	-61.3	48.5	2.7	F	F	F	118	120	163	163	138	138	191	191	133	133	130	133	238	238	244	247	288	294	170	170
Ech12	560	TCEN-3	15	352	0	2008	20-juin-08	-61.3	48.5	3.3	G	G	G	114	118	163	163	135	135	191	191	133	133	133	133	238	238	247	247	285	291	168	170
Ech12	561	TCEN-3	16	352	0	2008	20-juin-08	-61.3	48.5	3.5	G	G	G	114	114	163	163	135	135	191	191	133	133	124	133	238	238	247	247	288	288	168	170
Ech12	562	TCEN-3	17	352	0	2008	20-juin-08	-61.3	48.5	2.7	F	F	F	118	122	163	163	138	141	191	191	133	133	124	127	238	238	247	250	288	288	170	170
Ech12	563	TCEN-3	18	352	0	2008	20-juin-08	-61.3	48.5	3.6	G	H	H	114	118	163	163	135	141	191	191	133	133	133	136	238	238	247	247	285	288	170	170
Ech12	564	TCEN-3	19	352	0	2008	20-juin-08	-61.3	48.5	2.7	F	F	F	116	120	163	163	138	141	194	194	133	136	133	133	238	238	247	247	291	291	168	172
Ech12	565	TCEN-3	20	352	0	2008	20-juin-08	-61.3	48.5	2.6	F	H	H	116	118	163	163	135	141	191	191	133	136	130	136	238	241	247	247	288	288	168	170
Ech12	566	TCEN-3	21	352	0	2008	20-juin-08	-61.3	48.5	3.3	F	G	H	114	118	163	163	135	135	191	191	133	133	124	133	238	241	247	247	285	294	168	170
Ech12	567	TCEN-3	22	352	0	2008	20-juin-08	-61.3	48.5	3.1	G	G	G	114	118	163	163	135	135	191	191	133	133	133	133	238	238	247	247	285	294	168	170
Ech12	568	TCEN-3	23	352	0	2008	20-juin-08	-61.3	48.5	2.7	F	F	F	118	120	163	163	138	138	191	191	133	136	124	133	238	241	247	247	288	291	0	0
Ech12	569	TCEN-3	24	352	0	2008	20-juin-08	-61.3	48.5	2.7	F	F	F	112	116	163	163	138	141	191	194	133	133	124	133	238	238	247	247	282	282	168	170
Ech12	570	TCEN-3	25	352	0	2008	20-juin-08	-61.3	48.5	3.4	G	G	G	114	118	163	163	135	135	191	191	133	133	133	133	238	238	247	247	276	285	168	168
Ech12	571	TCEN-3	26	352	0	2008	20-juin-08	-61.3	48.5	3	F	G	H	114	118	163	163	135	135	191	200	133	133	133	133	238	238	244	247	282	282	168	170
Ech12	572	TCEN-3	27	352	0	2008	20-juin-08	-61.3	48.5	2.5	F	F	F	120	120	163	163	138	141	191	194	133	136	124	133	238	238	247	247	282	282	168	170
Ech12	573	TCEN-3	28	352	0	2008	20-juin-08	-61.3	48.5	2.4	F	F	F	118	120	163	163	141	150	191	194	133	133	133	133	238	238	247	247	288	303	168	170
Ech12	574	TCEN-3	29	352	0	2008	20-juin-08	-61.3	48.5	3.3	G	G	G	118	118	163	163	135	135	191	191	133	133	124	133	238	238	247	247	285	285	168	170
Ech12	575	TCEN-3	30	352	0	2008	20-juin-08	-61.3	48.5	3.2	G	G	G	114	118	163	163	135	135	191	200	133	133	124	133	238	238	247	247	285	285	168	170
Ech12	576	TCEN-3	31	352	0	2008	20-juin-08	-61.3	48.5	3.2	G	G	G	118	118	163	163	135	135	191	197	133	133	133	133	238	238	244	247	285	291	168	170
Ech12	577	TCEN-3	32	352	0	2008	20-juin-08	-61.3	48.5	3.4	G	G	G	110	114	163	163	135	135	191	191	133	133	133	133	238	238	244	247	282	285	168	170
Ech12	578	TCEN-3	33	352	0	2008	20-juin-08	-61.3	48.5	2.6	F	F	F	116	118	163	163	141	141	191	191	133	136	133	142	238	241	247	247	291	291	168	168
Ech12	579	TCEN-3	34	352	0	2008	20-juin-08	-61.3	48.5	2.2	F	F	F	116	122	163	166	141	141	188	191	133	136	124	133	238	241	247	250	282	288	168	168
Ech12	580	TCEN-3	35	352	0	2008	20-juin-08	-61.3	48.5	2.2	F	F	F	116	124	163	163	141	141	188	197	133	136	124	124	238	238	247	247	291	291	168	170
Ech12	581	TCEN-3	36	352	0	2008	20-juin-08	-61.3	48.5	2.3	F	F	F	118	124	157	163	141	141	191	191	133	133	133	133	238	238	247	250	288	300	168	170
Ech12	582	TCEN-3	37	352	0	2008	20-juin-08	-61.3	48.5	2.5	F	F	F	118	118	163	163	138	141	191	191	133	133	127	127	238	238	247	247	297	297	168	170
Ech12	583	TCEN-3	38	352	0	2008	20-juin-08	-61.3	48.5	2.8	F	F	F	118	120	163	163	141	141	191	191	133	136	133	136	238	241	247	247	288	288	168	170
Ech12	584	TCEN-3	40	352	0	2008	20-juin-08	-61.3	48.5	3.2	G	G	G	118	118	163	163	135	135	191	191	133	133	133	133	238	238	244	247	288	288	168	170
Ech12	585	TCEN-3	41	352	0	2008	20-juin-08	-61.3	48.5	2.9	G	H	H	114	118	163	163	135	138	191	191	133	133	133	136	238	238	244	247	288	288	168	170
Ech12	586	TCEN-3	42	352	0	2008	20-juin-08	-61.3	48.5	3.2	G	G	G	114	118	163	163	135	135	191	191	133	133	133	133	238	238	244	247	288	288	166	170
Ech12	587	TCEN-3	43	352	0	2008	20-juin-08	-61.3	48.5	2.3	F	F	F	118	120	163	163	138	141	191	191	133	133	124	124	238	238	247	247	291	291	170	170
Ech12	588	TCEN-3	44	352	0	2008	20-juin-08	-61.3	48.5	2.3	F	F	F	120	120	163	163	138	141	191	191	133	133	133	133	238	238	247	247	288	288	170	170
Ech12	589	TCEN-3	45	352	0	2008	20-juin-08	-61.3	48.5	2.4	F	F	F	120	128	163	163	138	141	191	194	133	136	133	133	238	241	247	247	291	291	168	170
Ech12	590	TCEN-3	46	352	0	2008	20-juin-08	-61.3	48.5	3.5	G	G	G	114	118	163	163	135	135	191	191	133	133	133	133	238	238	244	247	288	294	168	170
Ech12	591	TCEN-3	47	352	0	2008	20-juin-08	-61.3	48.5	3.3	G	H	H	114	118	163	163	135	135	191	191	133	133	127	133	238	238	247	247	282	288	168	170
Ech12	592	TCEN-3	48	352	0	2008	20-juin-08	-61.3	48.5	2.6	F	F	F	118	120	160	163	141	141	191	191	133	136	124	127	241	253	247	247	288	288	170	170
Ech12	593	TCEN-3	49	352	0	2008	20-juin-08	-61.3	48.5	2.8	F	F	F	120	120	163	163	138	141	191	191	133	139	127	133	238	244	247	247	285	291	170	170
Ech12	594	TCEN-3	50	352	0	2008	20-juin-08	-61.3	48.5	3.2	G	G	G	114	118	163	163	135	135	191	191	133	133	133	133	238	238	247	247	285	291	168	170
Ech12	595	TCEN-3	51	352	0	2008	20-juin-08	-61.3	48.5	3.3	G	G	G	114	118	163	163	135	135	191	197	133	133	133	136	238	238	247	247	288	294	168	168
Ech12	596	TCEN-3	52	352	0	2008	20-juin-08	-61.3	48.5	3.2	G	H	H	114	118	163	163	135	138	191	197	133	133	133	133	238	241	247	247	288	297	170	170
Ech12	597	TCEN-3	53	352	0	2008	20-juin-08	-61.3	48.5	2.6	F	F	F	120	122	163	163	141	141	191	191	133	133	133	133	238	238	247	247	288	294	168	170
Ech12	598	TCEN-3	54	352	0	2008	20-juin-08	-61.3	48.5	2.8	F	F	F	118	120	163	163	141	141	191	191	133	136	124	127	238	241	247	247	282	288	168	170
Ech12	599	TCEN-3	55	352	0	2008	20-juin-08	-61.3	48.5	2.5	F	H	H	118	118	163	163	138	138	191	197	133	133	127	133	238	238	247	250	282	288	170	170
Ech13	600	TDC-6	7	256	0	2008	2020-06-08	-59.3	47.6	2.4	F	F	F	116	118	163	163	141	141	191	191	133	133	133	133	238	241	247	247	285	294	170	170
Ech13	601	TDC-6	8	256	0	2008	2020-06-08	-59.3	47.6	2.7	F	F	F	118	118	163	163	141	141	191	194	133	136	124	133	241	241	247	247	288	288	170	170
Ech13	602	TDC-6	9	256	0	2008	2020-06-08	-59.3	47.6	2.6	F	H	H	122	122	163	163	141	141	191	194	133	133	133	133	238	238	247	247	285	288	170	170
Ech13	603	TDC-6	10	256	0	2008	2020-06-08	-59.3	47.6	2.3	F	F	F	112	112	163	163	141	141	191	191	133	133	124	133	238	238	247	247	291	294	170	170
Ech13	604	TDC-6	11	256	0	2008	2020-06-08	-59.3	47.6	2.6	F	F	F	118	122	163	163	138	141	191	191	133	133	133	133	238	238	247	250	291	291	168	168
Ech13	605	TDC-6	12	256	0	2008	2020-06-08	-59.3	47.6	2.3	F	F	F	118	118	163	163	138	138	191	194	133	133	133	133	238	238	247	247	291	291	168	170
Ech13	606	TDC-6	13	256	0	2008	2020-06-08	-59.3	47.6	2.4	F	F	F	118	118	160	160	141	141	191	191	139	139	124	142	238	244	247	250	282	288	170	170
Ech13	607	TDC-6	14	256	0	2008	2020-06-08	-59.3	47.6	2.5	F	F	F	118	128	163	163	141	141	191	191	133	133	124	130	238	238	247	247	288	291	170	170
Ech13	608	TDC-6	16	256	0	2008	2020-06-08	-59.3	47.6	2.5	F	F	F	118	120	163	163	141	141	191	191	133	133	124	133	238	238	247	247	288	291	168	168
Ech13	609	TDC-6	17	256	0	2008	2020-06-08	-59.3	47.6	2.2	F	F	F	118	124	157	163	138	138	191	191	133	136	127	133	238	241	247	250	282	291	168	170
Ech13	610	TDC-6	18	256	0	2008	2020-06-08	-59.3	47.6	2.3	F	F	F	120	120	163	163	138	138	191	191	133	136	124	127	238	241	247	250	288	288	170	170
Ech13	611	TDC-6	19	256	0	2008	2020-06-08	-59.3	47.6	2.7	F	F	F	118	120	163	163	138	141	188	191	133	139	124	124	238	244	247	250	288	288	170	170
Ech13	612	TDC-6	20	256	0	2008	2020-06-08	-59.3	47.6	2.8	F	F	F	116	120	163	163	138	141	191	191	133	133	124	124	238	238	247	247	291	297	170	170
Ech13	613	TDC-6	21	256	0	2008	2020-06-08	-59.3	47.6	2.9	F	F	F	118	124	163	163	141	141	191	191	133	133	133	133	238	238	247	247	291	291	170	170
Ech13	614	TDC-6	22	256	0	2008	2020-06-08	-59.3	47.6	2.2	F	F	F	112	118	157	169	141	141	191	191	133	133	133	133	238	238	247	247	288	288	170	170
Ech13	615	TDC-6	23	256	0	2008	2020-06-08	-59.3	47.6	2.2	F	F	F	112	120	163	163	141	141	191	191	133	133	127	127	238	238	247	250	282	288	168	170
Ech13	616	TDC-6	24	256	0	2008	2020-06-08	-59.3	47.6	2.6	F	F	F	120	120	163	163	138	141	191	191	139	139	118	133	238	244	247	247	288	288	170	170
Ech13	617	TDC-6	26	256	0	2008	2020-06-08	-59.3	47.6	3.6	F	G	H	114	114	163	163	135	141	191	191	133	133	133	133	238	238	247	247	285	285	168	170
Ech13	618	TDC-6	27	256	0	2008	2020-06-08	-59.3	47.6	3.4	F	G	H	114	114	163	163	135	141	191	197	133	133	133	133	238	238	247	247	285	285	168	170
Ech13	619	TDC-6	28	256	0	2008	2020-06-08	-59.3	47.6	3.6	F	G	H	114	114	163	163	135	141	191	197	133	133	133	133	238	238	247	247	285	285	170	170
Ech13	620	TDC-6	30	256	0	2008	2020-06-08	-59.3	47.6	3.4	F	H	H	114	114	163	163	135	141	191	191	133	133	133	139	238	238	247	247	288	288	170	170
Ech13	621	TDC-6	31	256	0	2008	2020-06-08	-59.3	47.6	3.5	F	H	H	114	114	163	163	135	141	191	191	133	133	133	133	238	238	244	247	288	297	170	170
Ech13	622	TDC-6	32	256	0	2008	2020-06-08	-59.3	47.6	3.3	G	G	G	114	114	163	163	135	141	191	191	133	133	133	133	238	238	244	244	285	291	170	170
Ech13	623	TDC-6	33	256	0	2008	2020-06-08	-59.3	47.6	3.5	F	H	H	118	126	163	163	135	138	191	191	133	133	133	133	238	238	244	247	285	291	170	170
Ech13	624	TDC-6	34	256	0	2008	2020-06-08	-59.3	47.6	3.3	G	H	H	118	126	163	163	135	141	191	197	133	133	133	133	238	238	247	247	285	294	170	170
Ech13	625	TDC-6	35	256	0	2008	2020-06-08	-59.3	47.6	3.4	G	H	H	114	118	163	163	135	141	191	191	133	133	133	133	238	238	247	247	285	294	170	170
Ech13	626	TDC-6	36	256	0	2008	2020-06-08	-59.3	47.6	2.8	F	H	H	114	118	163	163	141	141	191	194	133	133	133	133	238	238	247	247	300	300	170	170
Ech13	627	TDC-6	37	256	0	2008	2020-06-08	-59.3	47.6	2.3	F	F	F	118	120	163	163	138	141	191	194	133	133	124	124	238	238	247	247	291	291	170	170
Ech13	628	TDC-6	38	256	0	2008	2020-06-08	-59.3	47.6	2.4	F	F	F	118	120	163	163	141	141	191	197	133	136	124	133	238	241	247	247	282	282	170	170
Ech13	629	TDC-6	39	256	0	2008	2020-06-08	-59.3	47.6	2.3	F	F	F	122	130	163	163	141	144	191	191	130	133	124	124	238	238	247	247	285	285	170	170
Ech13	630	TDC-6	40	256	0	2008	2020-06-08	-59.3	47.6	2.3	F	F	F	116	116	163	166	138	144	191	191	133	133	124	133	238	238	247	247	291	291	168	168
Ech13	631	TDC-6	41	256	0	2008	2020-06-08	-59.3	47.6	2.4	F	F	F	118	120	163	163	138	141	191	191	133	133	124	127	238	238	247	247	288	288	170	170
Ech13	632	TDC-6	42	256	0	2008	2020-06-08	-59.3	47.6	2.3	F	F	F	118	122	163	163	141	141	191	191	133	133	130	136	238	238	247	250	288	288	168	170
Ech13	633	TDC-6	43	256	0	2008	2020-06-08	-59.3	47.6	3.1	G	H	H	114	114	163	163	135	141	191	191	133	133	133	133	238	238	247	247	285	294	170	170
Ech13	634	TDC-6	44	256	0	2008	2020-06-08	-59.3	47.6	3.1	F	H	H	114	114	163	163	135	141	191	191	133	133	133	133	238	241	247	247	285	294	170	170
Ech13	635	TDC-6	45	256	0	2008	2020-06-08	-59.3	47.6	2.8	F	F	F	116	120	163	163	141	141	191	197	133	133	121	127	238	238	247	247	288	291	168	170
Ech13	636	TDC-6	46	256	0	2008	2020-06-08	-59.3	47.6	2.7	F	H	H	110	114	163	163	135	141	191	197	133	133	133	133	238	241	244	247	291	303	170	170
Ech13	637	TDC-6	47	256	0	2008	2020-06-08	-59.3	47.6	3.3	F	H	H	114	118	163	163	135	141	191	197	133	133	133	136	238	241	244	247	282	297	170	170
Ech13	638	TDC-6	48	256	0	2008	2020-06-08	-59.3	47.6	3.4	G	H	H	118	126	163	163	135	141	191	191	133	133	133	136	238	238	247	247	285	294	170	170
Ech14	639	MAB 75-2	1	NA	NA	2010	28-mai-10	-73.1	38.8	2.4	F	H	H	118	118	163	163	138	138	191	191	133	133	124	133	238	238	247	247	285	291	168	168
Ech14	640	MAB 75-2	2	NA	NA	2010	28-mai-10	-73.1	38.8	2.2	F	F	F	118	120	163	163	141	141	191	191	136	136	136	136	238	241	247	247	288	288	170	170
Ech14	641	MAB 75-2	3	NA	NA	2010	28-mai-10	-73.1	38.8	2.2	F	F	F	118	120	163	163	138	141	191	191	133	133	124	127	238	238	247	247	282	282	170	170
Ech14	642	MAB 75-2	4	NA	NA	2010	28-mai-10	-73.1	38.8	2.3	F	F	F	122	122	163	163	141	144	191	191	133	133	124	124	238	238	247	247	291	291	170	170
Ech14	643	MAB 75-2	5	NA	NA	2010	28-mai-10	-73.1	38.8	2.3	F	F	F	118	120	163	166	135	141	191	194	133	133	133	133	238	238	247	247	291	291	170	170
Ech14	644	MAB 75-2	6	NA	NA	2010	28-mai-10	-73.1	38.8	2.4	F	H	H	118	118	163	163	141	141	191	191	133	133	130	130	238	238	247	247	285	288	170	170
Ech14	645	MAB 75-2	7	NA	NA	2010	28-mai-10	-73.1	38.8	2	F	F	F	126	126	163	163	141	141	191	191	133	133	133	136	238	238	247	247	288	288	168	170
Ech14	646	MAB 75-2	8	NA	NA	2010	28-mai-10	-73.1	38.8	2.1	F	F	F	118	120	163	163	141	141	191	191	133	133	124	124	238	238	247	253	285	291	170	170
Ech14	647	MAB 75-2	9	NA	NA	2010	28-mai-10	-73.1	38.8	2.4	F	F	F	120	124	163	163	138	141	188	194	133	133	127	127	238	238	247	247	282	282	170	170
Ech14	648	MAB 75-2	10	NA	NA	2010	28-mai-10	-73.1	38.8	2.3	F	F	F	120	126	163	163	138	141	191	191	133	136	127	127	238	241	247	247	288	288	168	168
Ech14	649	MAB 75-2	11	NA	NA	2010	28-mai-10	-73.1	38.8	2.3	F	F	F	118	122	163	163	141	141	191	191	133	133	124	130	238	238	247	247	288	288	170	170
Ech14	650	MAB 75-2	12	NA	NA	2010	28-mai-10	-73.1	38.8	2.1	F	F	F	116	118	163	163	141	141	191	191	130	130	124	133	238	241	247	247	282	282	170	170
Ech14	651	MAB 75-2	13	NA	NA	2010	28-mai-10	-73.1	38.8	2.6	F	F	F	120	120	163	163	141	144	191	191	133	133	124	133	238	238	247	247	288	294	168	170
Ech14	652	MAB 75-2	14	NA	NA	2010	28-mai-10	-73.1	38.8	2.2	F	F	F	118	118	163	163	141	141	191	191	133	133	124	133	238	238	247	247	282	282	170	170
Ech14	653	MAB 75-2	15	NA	NA	2010	28-mai-10	-73.1	38.8	2.5	F	F	F	120	120	163	166	141	141	191	191	133	133	124	133	238	238	247	247	282	282	170	170
Ech14	654	MAB 75-2	16	NA	NA	2010	28-mai-10	-73.1	38.8	2.5	F	F	F	118	126	163	163	138	138	191	194	136	136	130	133	238	241	247	247	288	288	168	168
Ech14	655	MAB 75-2	17	NA	NA	2010	28-mai-10	-73.1	38.8	2.3	F	F	F	116	118	163	163	141	144	191	191	133	136	124	130	238	241	247	247	282	282	170	170
Ech14	656	MAB 75-2	18	NA	NA	2010	28-mai-10	-73.1	38.8	2.1	F	F	F	118	122	163	163	138	141	182	191	136	136	133	133	238	241	247	247	294	294	170	170
Ech14	657	MAB 75-2	19	NA	NA	2010	28-mai-10	-73.1	38.8	2.5	F	F	F	118	126	163	163	141	141	191	191	133	133	124	130	238	238	244	244	288	288	168	170
Ech14	658	MAB 75-2	20	NA	NA	2010	28-mai-10	-73.1	38.8	2.5	F	F	F	118	120	163	163	141	141	191	191	133	133	127	133	238	238	247	247	288	291	168	168
Ech14	659	MAB 75-2	21	NA	NA	2010	28-mai-10	-73.1	38.8	2.2	F	F	F	116	116	163	166	141	141	191	191	133	136	133	133	241	241	247	247	288	288	168	170
Ech14	660	MAB 75-2	22	NA	NA	2010	28-mai-10	-73.1	38.8	2.3	F	F	F	114	118	163	163	138	141	191	191	133	133	124	133	238	238	247	247	282	282	170	170
Ech14	661	MAB 75-2	23	NA	NA	2010	28-mai-10	-73.1	38.8	2.2	F	F	F	118	122	163	166	141	141	191	191	133	133	130	136	238	238	247	247	291	297	170	170
Ech14	662	MAB 75-2	24	NA	NA	2010	28-mai-10	-73.1	38.8	2.2	F	F	F	116	116	157	163	141	141	191	191	139	139	124	133	238	244	250	250	291	291	170	170
Ech14	663	MAB 75-2	25	NA	NA	2010	28-mai-10	-73.1	38.8	2.2	F	F	F	116	130	163	163	138	138	188	188	133	133	124	130	238	238	247	247	288	288	170	170
Ech14	664	MAB 75-2	26	NA	NA	2010	28-mai-10	-73.1	38.8	2.3	F	F	F	118	126	163	163	141	141	191	194	136	136	136	136	238	241	247	247	294	297	170	170
Ech14	665	MAB 75-2	27	NA	NA	2010	28-mai-10	-73.1	38.8	2.1	F	F	F	120	120	163	163	141	141	191	191	133	133	124	130	238	238	247	250	288	288	168	170
Ech14	666	MAB 75-2	28	NA	NA	2010	28-mai-10	-73.1	38.8	2.1	F	F	F	118	118	163	163	138	141	191	191	133	133	133	133	238	238	247	247	291	303	170	170
Ech14	667	MAB 75-2	29	NA	NA	2010	28-mai-10	-73.1	38.8	2.1	F	F	F	120	124	163	166	138	141	191	191	133	148	130	130	0	0	247	247	282	282	170	170
Ech14	668	MAB 75-2	30	NA	NA	2010	28-mai-10	-73.1	38.8	2.4	F	F	F	118	118	163	163	138	141	191	191	133	133	130	130	238	238	247	247	282	282	170	170
Ech14	669	MAB 75-2	31	NA	NA	2010	28-mai-10	-73.1	38.8	2.6	F	F	F	118	120	163	163	138	141	191	191	133	133	121	157	238	238	244	247	288	294	168	168
Ech14	670	MAB 75-2	32	NA	NA	2010	28-mai-10	-73.1	38.8	2.5	F	F	F	118	118	163	163	138	141	191	191	133	136	124	133	238	241	247	247	288	288	168	168
Ech14	671	MAB 75-2	33	NA	NA	2010	28-mai-10	-73.1	38.8	2.5	F	F	F	118	122	163	163	141	141	191	191	136	136	124	130	238	241	247	247	288	300	170	170
Ech14	672	MAB 75-2	34	NA	NA	2010	28-mai-10	-73.1	38.8	2.3	F	F	F	118	130	163	163	138	141	191	191	133	136	133	133	238	241	247	247	300	300	168	168
Ech14	673	MAB 75-2	35	NA	NA	2010	28-mai-10	-73.1	38.8	2.1	F	F	F	118	120	163	163	141	141	191	191	133	133	124	127	238	238	247	247	288	288	168	168
Ech14	674	MAB 75-2	36	NA	NA	2010	28-mai-10	-73.1	38.8	2.2	F	F	F	118	120	163	166	141	141	191	191	136	136	133	133	238	241	247	247	288	288	168	170
Ech14	675	MAB 75-2	37	NA	NA	2010	28-mai-10	-73.1	38.8	2.5	F	F	F	116	120	163	163	141	141	191	191	133	136	133	136	238	241	247	247	297	297	170	170
Ech14	676	MAB 75-2	38	NA	NA	2010	28-mai-10	-73.1	38.8	2.3	F	F	F	116	116	163	163	138	141	191	191	133	133	124	133	238	238	247	247	288	288	170	170
Ech14	677	MAB 75-2	39	NA	NA	2010	28-mai-10	-73.1	38.8	2	F	F	F	118	118	163	163	141	141	191	191	136	136	127	130	238	238	244	247	288	288	170	170
Ech14	678	MAB 75-2	40	NA	NA	2010	28-mai-10	-73.1	38.8	2.3	F	F	F	118	120	163	163	138	141	188	188	133	136	124	133	241	241	247	247	291	291	168	170
Ech14	679	MAB 75-2	41	NA	NA	2010	28-mai-10	-73.1	38.8	2.3	F	F	F	118	120	163	163	138	141	191	191	133	136	130	133	238	241	247	247	288	294	170	170
Ech14	680	MAB 75-2	42	NA	NA	2010	28-mai-10	-73.1	38.8	2.5	F	F	F	120	122	163	163	141	144	191	191	133	133	127	127	238	238	247	247	288	288	170	170
Ech14	681	MAB 75-2	43	NA	NA	2010	28-mai-10	-73.1	38.8	2.1	F	F	F	118	120	163	163	135	141	191	191	133	133	124	124	238	238	247	247	288	288	170	170
Ech14	682	MAB 75-2	44	NA	NA	2010	28-mai-10	-73.1	38.8	2.2	F	F	F	118	118	163	163	138	141	191	191	133	136	124	133	238	241	247	247	300	300	170	170
Ech14	683	MAB 75-2	45	NA	NA	2010	28-mai-10	-73.1	38.8	2.1	F	F	F	118	118	163	163	141	141	191	191	133	133	124	133	238	238	247	247	288	294	172	172
Ech14	684	MAB 75-2	46	NA	NA	2010	28-mai-10	-73.1	38.8	2.3	F	F	F	116	118	163	163	138	141	191	191	133	133	124	133	238	238	247	247	291	294	170	170
