Sample_number	Date	RFLP_diagnostic	Msat_diagnostic	Combined_diagnostic	EL696609	EL696609	EL585922	EL585922	EH666870	EH666870	EL773519	EL773519	EH666474	EH666474	EL773359	EL773359	FK868270	FK868270	FG632811	FG632811	FK670364	FK670364	FK867682	FK867682																																																																						
1	2010-03-12	G	G	G	114	114	163	163	135	135	191	191	133	133	136	136	238	238	247	247	276	285	170	170																																																																						
2	2010-03-12	G	G	G	110	114	163	163	135	135	191	191	133	133	133	133	238	253	247	247	291	291	170	170																																																																						
3	2010-03-12	G	G	G	114	114	163	163	135	135	191	191	133	133	133	136	238	238	247	247	285	294	170	170																																																																						
4	2010-03-12	G	G	G	114	114	163	163	135	135	191	191	133	133	133	133	238	238	247	247	285	291	170	170																																																																						
5	2010-03-12	G	G	G	114	114	163	163	135	135	191	191	133	133	133	133	238	238	244	247	285	288	170	170																																																																						
6	2010-03-12	G	G	G	114	114	163	163	135	138	191	191	133	133	133	133	238	238	247	247	279	285	170	170																																																																						
7	2010-03-12	G	G	G	114	114	163	163	135	135	191	191	133	133	133	133	238	238	247	247	288	291	170	170																																																																						
8	2010-03-12	G	G	G	114	114	163	163	135	135	191	191	133	133	133	133	238	238	244	247	285	288	170	170																																																																						
9	2010-03-12	G	H	H	114	114	163	163	135	135	191	191	133	133	124	124	238	238	247	247	282	285	170	170																																																																						
10	2010-03-12	G	G	G	114	114	163	163	135	135	191	191	133	133	133	133	238	253	247	247	288	306	170	170																																																																						
11	2010-03-12	G	G	G	114	114	163	163	135	135	191	191	133	133	133	133	238	238	247	247	282	285	170	170																																																																						
12	2010-03-12	G	G	G	114	114	163	163	135	135	191	191	133	133	133	133	238	238	247	247	288	291	170	170																																																																						
13	2010-03-12	G	G	G	114	114	163	163	135	135	191	191	133	133	133	133	238	238	247	247	279	285	170	170																																																																						
15	2010-03-12	G	G	G	114	114	163	163	135	135	191	191	133	133	127	133	238	238	244	247	285	285	170	170																																																																						
16	2010-03-12	G	G	G	114	114	163	163	135	135	191	191	133	133	133	133	238	238	247	247	285	285	170	170																																																																						
17	2010-03-12	G	H	H	114	114	163	163	135	138	191	191	133	133	133	133	238	238	247	247	294	294	170	170																																																																						
17	2010-03-12	G	G	G	114	114	163	163	135	135	191	191	133	133	133	133	238	238	247	247	288	297	170	170																																																																						
18	2010-03-12	G	G	G	114	114	163	163	135	135	191	191	133	133	133	133	238	238	247	247	288	288	170	170																																																																						
19	2010-03-12	G	G	G	114	114	163	163	135	135	191	191	133	133	133	133	238	238	247	247	285	288	170	170																																																																						
20	2010-03-12	G	H	H	114	114	163	163	135	138	191	191	133	133	136	136	238	238	247	247	279	285	170	170																																																																						
22	2010-03-12	G	H	H	114	114	163	163	135	138	191	191	133	133	133	133	238	238	247	247	288	297	170	170																																																																						
23	2010-03-12	G	G	G	114	114	163	163	135	135	191	191	133	133	133	133	238	238	247	247	303	303	170	170																																																																						
23	2010-03-12	G	G	G	114	114	163	163	135	135	191	191	133	133	133	133	238	238	247	247	285	285	170	170																																																																						
24	2010-03-12	G	G	G	110	114	163	163	135	135	191	191	133	133	133	133	238	238	247	247	279	288	170	170																																																																						
25	2010-03-12	F	F	F	114	120	163	163	138	141	191	191	133	133	124	124	238	238	247	247	294	294	170	170																																																																						
26	2010-03-12	F	F	F	112	118	163	163	138	141	191	191	133	136	133	133	241	241	247	247	288	291	170	170																																																																						
27	2010-03-12	F	F	F	118	118	163	163	138	141	191	194	133	136	133	133	241	241	244	247	297	297	170	170																																																																						
28	2010-03-12	G	G	G	114	114	163	163	135	135	191	191	133	133	133	133	238	238	247	247	288	288	170	170																																																																						
29	2010-03-12	F	F	F	118	126	163	163	138	141	191	191	133	133	127	127	238	238	247	247	288	288	170	170																																																																						
30	2010-03-12	F	F	F	118	120	163	163	141	141	191	191	133	133	124	130	238	238	247	247	288	288	166	170																																																																						
31	2010-03-12	F	F	F	118	118	163	163	141	141	191	191	133	133	133	133	238	238	247	247	288	288	170	172																																																																						
32	2010-03-12	F	F	F	118	120	163	163	141	141	191	191	133	136	124	133	238	241	247	247	291	291	170	170																																																																						
33	2010-03-12	F	F	F	118	120	163	163	138	141	191	191	133	133	133	133	238	238	247	247	0	0	168	170																																																																						
34	2010-03-12	F	H	H	114	118	163	163	141	141	188	194	133	133	133	133	238	241	247	247	282	282	170	170																																																																						
36	2010-03-12	F	H	H	118	118	163	163	138	141	188	188	133	136	130	130	238	238	247	247	285	285	170	170																																																																						
37	2010-03-12	F	F	F	120	120	163	163	141	141	191	191	133	133	124	127	238	238	247	247	288	297	170	170																																																																						
38	2010-03-12	F	F	F	118	118	163	163	138	141	191	191	133	136	127	127	238	238	247	247	294	294	170	170																																																																						
39	2010-03-12	F	F	F	124	124	163	163	138	141	191	191	133	133	133	133	238	238	247	247	288	288	170	170																																																																						
40	2010-03-12	F	F	F	118	118	163	163	141	144	191	191	133	136	133	142	241	241	247	247	291	291	168	170																																																																						
41	2010-03-12	F	F	F	118	122	163	163	141	141	191	191	133	136	124	133	241	241	247	247	282	282	168	170																																																																						
42	2010-03-12	F	F	F	120	120	163	163	138	141	188	191	133	133	127	133	238	238	247	247	291	291	168	170																																																																						
43	2010-03-12	F	F	F	120	122	163	163	138	141	188	188	136	136	124	133	241	241	247	247	300	300	168	168																																																																						
44	2010-03-12	F	F	F	118	120	163	163	141	141	191	191	133	136	124	133	238	238	244	247	291	291	170	170																																																																						
45	2010-03-12	F	F	F	120	124	157	163	138	141	191	191	133	133	133	133	238	238	247	247	294	294	170	170																																																																						
46	2010-03-12	F	F	F	116	120	163	163	141	141	191	191	133	133	133	133	238	244	247	247	282	288	168	170																																																																						
47	2010-03-12	F	F	F	118	120	163	163	141	141	191	191	133	133	127	133	238	238	247	247	291	291	170	170																																																																						
48	2010-03-12	G	G	G	114	114	163	163	135	135	191	191	133	133	133	136	238	238	244	247	285	285	170	170																																																																						
49	2010-03-12	F	F	F	112	112	163	163	141	141	191	191	133	136	133	133	238	241	247	247	288	288	168	170																																																																						
51	2010-03-22	G	G	G	110	114	163	163	135	135	191	191	133	133	133	145	238	238	247	247	288	291	170	170																																																																						
52	2010-03-22	G	G	G	114	114	163	163	129	135	191	191	133	133	127	133	238	238	247	247	285	294	170	170																																																																						
53	2010-03-22	G	G	G	114	114	163	163	135	135	191	191	133	133	124	133	238	238	247	247	279	285	170	170																																																																						
54	2010-03-22	G	G	G	114	114	163	163	135	135	191	191	133	133	124	133	238	238	244	247	285	285	170	170																																																																						
55	2010-03-22	F	F	F	116	120	163	163	138	141	191	191	133	133	127	142	238	238	247	253	285	285	170	170																																																																						
56	2010-03-22	G	G	G	114	114	163	163	135	135	191	191	133	133	133	133	238	238	247	247	285	291	170	170																																																																						
57	2010-03-22	G	G	G	114	114	163	163	135	135	191	191	133	133	133	133	238	238	247	247	285	285	170	170																																																																						
58	2010-03-22	G	G	G	114	114	154	163	135	135	191	191	133	133	133	136	238	238	247	247	285	288	170	170																																																																						
59	2010-03-22	G	H	H	114	114	163	163	135	138	191	191	133	133	133	133	238	238	247	247	282	285	170	170																																																																						
60	2010-03-22	G	G	G	114	114	163	163	135	135	191	191	133	133	133	133	238	238	247	247	285	288	170	170																																																																						
61	2010-03-22	G	G	G	114	114	163	163	135	135	191	191	133	133	133	133	238	241	247	247	282	285	170	170																																																																						
62	2010-03-22	G	G	G	114	114	163	163	135	135	191	191	133	133	133	136	238	238	241	247	288	288	170	170																																																																						
63	2010-03-22	G	G	G	114	114	163	163	135	138	191	191	133	133	133	133	238	238	247	247	285	288	170	170																																																																						
64	2010-03-22	G	G	G	114	114	163	163	135	135	191	191	133	133	133	133	238	238	247	247	282	291	170	170																																																																						
65	2010-03-22	G	G	G	114	114	163	163	135	135	191	191	133	133	133	133	238	238	247	247	279	288	170	170																																																																						
66	2010-03-22	G	G	G	114	114	163	163	135	135	191	191	133	133	133	133	238	238	247	247	279	288	170	170																																																																						
67	2010-03-22	G	G	G	114	114	163	163	135	135	191	191	133	133	133	133	238	238	247	247	291	291	170	170																																																																						
68	2010-03-22	G	G	G	114	114	163	163	135	135	191	191	133	133	133	133	238	238	247	247	282	285	170	170																																																																						
69	2010-03-22	F	H	H	114	118	160	163	141	144	191	191	133	136	121	133	238	238	247	247	288	288	170	170																																																																						
70	2010-03-22	F	F	F	118	122	163	166	138	141	191	191	133	133	124	133	238	238	247	247	288	288	170	170																																																																						
71	2010-03-22	F	F	F	122	122	163	163	138	141	191	194	133	133	124	133	238	238	247	247	282	282	170	170																																																																						
72	2010-03-22	F	F	F	118	120	163	163	138	141	191	191	133	136	133	133	238	241	247	247	285	297	170	170																																																																						
73	2010-03-22	F	F	F	114	120	166	166	141	141	191	191	133	133	124	133	238	238	247	247	282	282	168	170																																																																						
74	2010-03-22	F	H	H	114	116	163	163	141	141	191	194	133	133	124	133	238	238	244	247	282	288	168	170																																																																						
75	2010-03-22	F	F	F	120	120	163	163	141	141	191	194	133	133	133	133	238	241	247	247	288	288	168	168																																																																						
76	2010-03-22	F	F	F	112	122	163	163	138	141	191	194	133	133	124	124	238	241	241	247	282	282	170	170																																																																						
77	2010-03-22	F	H	H	114	114	163	163	138	141	194	194	133	133	127	133	238	238	247	247	291	291	170	170																																																																						
78	2010-03-22	F	F	F	118	120	163	163	138	141	191	191	133	136	124	133	241	241	247	247	282	282	170	170																																																																						
79	2010-03-22	F	F	F	120	120	163	166	138	141	191	194	133	136	124	133	238	241	247	247	291	300	170	170																																																																						
80	2010-03-22	F	F	F	120	120	163	163	141	141	191	191	133	133	133	133	238	238	244	247	288	288	170	170																																																																						
81	2010-03-22	F	F	F	120	124	163	163	141	141	191	194	133	136	124	133	238	238	247	250	288	288	170	170																																																																						
82	2010-03-22	F	F	F	118	118	163	163	138	141	191	194	133	136	124	127	241	241	247	247	288	297	170	170																																																																						
83	2010-03-22	F	F	F	112	118	163	163	138	141	191	191	133	133	124	130	238	241	247	247	291	291	170	170																																																																						
84	2010-03-22	F	F	F	118	120	163	166	141	141	191	191	133	133	124	133	238	238	247	247	282	282	170	170																																																																						
85	2010-03-22	F	F	F	122	126	163	163	141	144	191	194	133	133	124	133	238	241	247	247	288	300	170	170																																																																						
86	2010-03-22	F	H	H	112	118	163	163	141	141	191	191	133	133	133	133	238	238	247	247	288	288	170	170																																																																						
87	2010-03-22	F	F	F	118	122	163	166	141	141	191	191	133	133	130	130	238	238	244	247	288	294	168	170																																																																						
88	2010-03-22	F	F	F	118	120	163	163	141	141	191	191	133	145	133	133	238	250	247	247	282	297	170	170																																																																						
89	2010-03-22	F	F	F	120	120	163	163	141	141	191	191	136	136	133	133	241	241	247	247	288	300	170	170																																																																						
90	2010-03-22	F	F	F	118	118	163	166	141	141	191	191	133	133	124	127	238	238	247	250	282	282	170	170																																																																						
91	2010-03-22	F	F	F	118	120	163	163	141	141	191	191	133	133	133	133	238	241	247	247	288	303	170	170																																																																						
92	2010-03-22	F	H	H	118	118	163	163	141	141	191	191	133	133	133	133	238	238	247	250	279	285	170	170																																																																						
93	2010-03-22	F	F	F	120	120	163	163	138	141	191	191	133	142	124	124	238	247	247	247	282	282	170	172																																																																						
94	2010-03-22	F	F	F	118	122	163	163	141	141	191	191	130	133	133	136	238	241	247	247	288	288	170	170																																																																						
95	2010-03-22	F	F	F	116	120	163	163	138	141	191	191	133	136	130	133	238	241	244	247	288	294	170	170																																																																						
96	2010-03-22	F	F	F	118	122	163	163	141	141	191	191	139	139	124	127	244	244	247	247	285	306	170	170																																																																						
97	2010-03-22	F	F	F	118	120	163	163	141	144	191	191	133	136	124	124	238	241	247	247	285	285	170	170																																																																						
98	2010-03-22	F	F	F	118	120	163	163	138	141	191	191	133	133	127	133	250	250	244	247	288	288	170	170																																																																						
109	2010-04-07	F	F	F	118	126	163	163	141	141	191	191	133	133	124	133	238	238	247	247	282	288	170	170																																																																						
110	2010-04-07	G	H	H	114	124	163	163	135	141	191	191	133	133	133	133	238	238	244	247	288	291	170	170																																																																						
111	2010-04-07	G	G	G	114	114	163	163	132	135	191	191	133	133	130	133	238	238	244	247	285	285	170	170																																																																						
112	2010-04-07	G	H	H	114	114	163	163	135	141	191	191	133	133	124	133	238	238	247	247	285	288	170	170																																																																						
115	2010-04-07	G	H	H	114	114	163	163	135	141	191	191	133	133	133	133	238	238	247	247	285	297	170	170																																																																						
116	2010-04-07	G	H	H	110	114	163	163	135	141	191	191	133	133	127	133	238	238	244	247	285	291	170	170																																																																						
117	2010-04-07	G	H	H	112	114	163	163	135	141	191	191	133	133	133	133	238	238	247	247	288	288	170	170																																																																						
118	2010-04-07	G	H	H	114	114	163	163	135	141	191	191	133	133	133	133	238	238	244	247	288	288	170	170																																																																						
119	2010-04-07	F	H	H	118	126	163	163	138	141	191	191	133	133	127	127	238	238	247	247	285	297	170	170																																																																						
120	2010-04-07	F	F	F	118	120	163	163	138	141	191	191	136	136	133	148	238	241	247	247	282	282	170	170																																																																						
121	2010-04-07	F	F	F	126	126	163	163	141	141	191	194	133	133	124	124	235	238	247	247	282	288	170	170																																																																						
123	2010-04-07	F	F	F	118	118	163	163	138	141	191	194	136	136	127	136	238	241	247	247	288	288	170	170																																																																						
124	2010-04-07	F	F	F	120	122	163	163	138	141	194	194	133	133	130	130	241	241	247	247	291	300	168	168																																																																						
125	2010-04-07	F	F	F	116	116	163	163	141	141	191	191	133	133	130	130	238	238	247	247	288	288	170	170																																																																						
126	2010-04-07	F	F	F	116	122	163	163	138	141	191	194	133	133	124	133	238	238	247	247	288	288	170	170																																																																						
127	2010-04-07	F	F	F	118	120	163	163	141	141	191	191	130	133	133	133	238	238	247	247	288	294	168	170																																																																						
128	2010-04-07	F	F	F	122	126	163	163	138	141	191	191	133	136	133	133	241	241	247	247	288	291	170	170																																																																						
129	2010-04-07	F	F	F	118	118	163	163	138	141	191	191	133	136	130	133	241	241	247	247	285	291	170	170																																																																						
130	2010-04-07	F	F	F	118	120	163	163	138	141	191	194	136	136	136	139	241	241	247	250	282	282	170	170																																																																						
132	2010-04-07	F	F	F	118	120	163	163	141	141	191	191	133	133	133	133	238	241	247	247	291	291	170	170																																																																						
133	2010-04-07	F	H	H	114	118	163	163	138	141	191	191	133	133	127	133	238	238	244	247	288	288	170	170																																																																						
134	2010-04-07	F	F	F	116	120	163	163	138	141	191	194	133	133	133	133	238	238	247	247	291	291	170	170																																																																						
136	2010-04-07	F	F	F	120	120	163	175	141	141	191	191	133	133	124	133	238	244	247	250	282	282	170	170																																																																						
137	2010-04-07	F	H	H	114	124	163	163	138	138	191	191	133	133	130	130	238	238	244	247	288	288	168	170																																																																						
140	2010-04-07	F	F	F	120	120	163	163	141	141	191	191	133	136	130	130	241	241	247	247	288	288	170	170																																																																						
141	2010-04-07	F	H	H	114	120	163	163	138	141	191	191	133	133	124	133	238	238	247	247	285	285	170	170																																																																						
142	2010-04-07	F	F	F	118	118	163	163	138	141	191	191	133	133	124	124	238	238	247	247	282	288	170	170																																																																						
143	2010-04-07	F	F	F	118	120	154	163	141	141	191	191	133	136	133	133	238	241	247	247	291	294	168	170																																																																						
144	2010-04-07	F	F	F	118	126	163	163	141	141	191	191	133	133	127	127	238	238	247	250	288	288	170	170																																																																						
145	2010-04-07	F	F	F	120	124	163	163	141	141	191	191	133	133	127	133	238	241	247	253	291	291	168	170																																																																						
146	2010-04-07	F	F	F	120	120	163	166	138	141	191	191	133	133	124	124	238	238	247	247	288	288	168	170																																																																						
147	2010-04-07	F	F	F	118	118	163	163	141	141	191	191	133	133	124	133	238	238	247	247	288	288	170	170																																																																						
148	2010-04-07	F	H	H	118	120	163	163	141	141	191	191	133	133	133	133	238	238	247	247	285	285	170	170																																																																						
149	2010-04-07	F	F	F	124	128	163	163	141	141	191	191	133	133	133	133	238	238	247	247	288	288	170	170																																																																						
150	2010-04-07	F	F	F	120	124	163	163	138	141	191	191	133	133	133	133	238	238	247	247	282	291	170	170																																																																						
151	2010-04-07	F	F	F	116	118	163	163	138	141	191	191	133	133	124	127	238	238	247	247	288	288	170	170																																																																						
152	2010-04-07	F	F	F	118	122	163	163	138	141	191	191	133	133	133	133	238	241	247	247	294	294	170	170																																																																						
153	2010-04-07	F	F	F	118	118	163	163	138	141	188	191	133	133	127	136	238	238	247	247	294	294	170	170																																																																						
154	2010-04-07	F	F	F	116	118	163	163	141	141	191	191	133	136	133	133	238	241	247	247	300	306	168	168																																																																						
155	2010-04-07	F	F	F	116	120	163	163	141	141	191	194	133	133	133	133	238	238	247	247	288	288	170	170																																																																						
156	2010-04-07	F	F	F	120	120	163	163	141	144	191	191	136	136	127	133	238	241	247	247	291	291	170	170																																																																						
157	2010-04-07	F	H	H	118	118	163	163	141	141	191	191	133	133	133	133	238	238	247	247	291	291	168	168																																																																						
158	2010-04-07	F	F	F	112	124	163	163	141	141	191	191	133	133	127	133	238	238	247	247	291	291	170	170																																																																						
159	2010-04-07	F	F	F	118	120	163	163	138	141	191	191	133	133	127	127	238	238	247	247	294	294	168	170																																																																						
160	2010-04-07	F	F	F	118	118	163	163	141	141	191	191	133	133	133	133	238	238	247	247	282	282	170	170																																																																						
161	2010-04-07	F	F	F	118	118	163	163	141	141	191	191	133	133	124	130	238	241	247	247	288	288	170	170																																																																						
162	2010-04-07	F	F	F	118	118	163	163	138	141	191	194	133	136	127	130	238	241	244	247	288	288	168	168																																																																						
163	2010-04-07	F	F	F	118	124	163	163	138	141	191	191	133	136	130	130	238	241	247	247	288	288	170	170																																																																						
168	2010-04-21	G	H	H	114	114	163	163	138	138	191	191	133	133	133	133	238	238	247	247	288	288	164	170																																																																						
169	2010-04-21	G	F	H	116	118	163	163	138	141	191	191	133	133	133	142	238	247	247	247	282	282	170	170																																																																						
170	2010-04-21	F	F	F	118	120	163	163	138	144	191	191	133	133	133	133	238	238	241	247	282	282	170	170																																																																						
171	2010-04-21	F	H	H	118	118	163	163	138	141	191	194	133	133	133	133	238	238	247	250	288	288	170	170																																																																						
172	2010-04-21	F	F	F	118	120	163	163	141	144	191	191	133	136	124	136	241	241	247	247	288	297	170	170																																																																						
173	2010-04-21	F	F	F	118	118	163	163	141	141	191	191	133	136	124	133	238	241	247	247	282	282	170	170																																																																						
174	2010-04-21	F	F	F	118	118	163	163	141	144	191	191	133	136	124	133	241	241	247	250	288	288	170	170																																																																						
175	2010-04-21	F	F	F	120	122	163	163	141	141	191	194	133	133	127	133	238	238	247	247	288	300	170	170																																																																						
176	2010-04-21	F	F	F	120	120	157	163	138	141	191	191	133	133	133	133	241	241	247	247	288	288	170	170																																																																						
177	2010-04-21	F	F	F	120	122	163	163	138	141	191	191	133	133	130	130	238	241	247	247	288	288	168	170																																																																						
178	2010-04-21	F	F	F	118	118	163	163	141	141	191	191	133	133	124	133	238	238	247	250	288	291	170	170																																																																						
179	2010-04-21	F	F	F	118	120	163	163	138	138	191	191	133	136	124	127	241	241	247	247	291	291	170	170																																																																						
180	2010-04-21	F	F	F	120	130	163	163	141	141	191	191	133	133	130	133	238	238	244	247	291	291	170	170																																																																						
181	2010-04-21	F	F	F	118	118	163	163	141	141	191	191	136	136	124	133	241	241	244	247	288	291	168	168																																																																						
182	2010-04-21	F	F	F	120	120	163	163	138	141	191	191	133	133	124	133	238	241	247	250	288	288	168	170																																																																						
183	2010-04-21	F	F	F	118	122	163	163	138	141	191	194	133	136	127	133	238	241	247	247	288	288	170	170																																																																						
184	2010-04-21	F	F	F	118	120	163	163	138	141	191	191	133	133	127	136	238	241	247	247	288	294	170	170																																																																						
185	2010-04-21	F	F	F	118	118	163	163	141	141	191	194	133	133	133	133	238	238	247	247	294	294	170	170																																																																						
186	2010-04-21	F	F	F	118	126	163	163	141	141	191	191	136	136	130	133	241	241	247	247	288	291	170	170																																																																						
187	2010-04-21	F	F	F	118	118	163	163	141	141	191	191	133	133	133	133	241	241	247	247	294	294	170	170																																																																						
188	2010-04-21	F	F	F	120	120	163	163	138	141	191	191	133	133	133	133	238	238	247	250	291	297	168	170																																																																						
189	2010-04-21	F	F	F	116	120	163	163	138	141	191	191	133	133	133	133	235	238	247	253	282	282	170	170																																																																						
190	2010-04-21	F	F	F	118	120	163	163	138	141	191	191	136	136	133	133	241	241	247	247	291	291	170	170																																																																						
191	2010-04-21	F	F	F	116	122	163	163	141	141	191	191	133	133	133	133	238	241	247	247	288	294	170	170																																																																						
192	2010-04-21	F	F	F	120	120	163	163	141	141	191	191	133	133	124	133	238	238	247	247	288	291	170	170																																																																						
193	2010-04-21	F	F	F	116	120	163	163	138	141	191	191	133	133	124	133	238	238	247	247	282	282	170	170																																																																						
194	2010-04-21	F	F	F	118	118	157	163	141	141	191	191	133	133	127	133	238	241	247	247	282	282	168	170																																																																						
195	2010-04-21	F	F	F	116	118	163	163	138	144	191	191	133	133	124	133	238	238	247	253	285	288	168	170																																																																						
196	2010-04-21	F	F	F	120	120	163	163	141	141	191	194	133	133	127	133	238	238	247	247	291	291	170	170																																																																						
197	2010-04-21	F	F	F	118	118	163	163	141	144	191	194	133	133	127	133	238	238	247	247	291	291	168	170																																																																						
198	2010-04-21	F	F	F	118	118	163	163	141	144	191	194	133	133	133	133	238	241	244	247	282	282	170	170																																																																						
199	2010-04-21	F	F	F	118	118	163	163	141	144	191	191	133	136	133	133	241	241	247	250	294	294	170	170																																																																						
200	2010-04-21	F	F	F	118	120	163	163	141	141	191	191	133	133	124	127	238	238	247	250	291	291	170	170																																																																						
201	2010-04-21	F	F	F	118	118	163	163	141	141	191	191	133	133	133	133	238	238	247	247	294	294	168	170																																																																						
202	2010-04-21	F	F	F	118	120	163	163	138	144	191	191	136	136	127	133	241	241	247	247	285	285	170	170																																																																						
203	2010-04-21	F	F	F	118	118	163	163	141	141	191	191	133	136	124	133	241	241	247	247	294	294	170	170																																																																						
204	2010-04-21	F	F	F	122	126	163	184	141	141	191	194	133	133	124	133	238	238	247	247	291	291	170	170																																																																						
205	2010-04-21	F	F	F	118	120	163	163	138	144	188	188	133	136	124	124	238	241	247	247	294	294	170	170																																																																						
206	2010-04-21	F	H	H	116	118	163	163	138	144	191	191	133	133	127	133	241	241	247	250	285	285	170	170																																																																						
207	2010-04-21	F	F	F	120	120	163	163	141	141	191	191	133	133	127	133	238	238	247	247	282	282	170	170																																																																						
208	2010-04-21	F	F	F	118	118	163	163	138	141	191	194	133	133	127	133	238	238	247	247	282	285	170	170																																																																						
209	2010-04-21	F	F	F	120	128	163	163	138	141	191	191	133	133	133	133	238	238	247	247	297	297	170	170																																																																						
210	2010-04-21	F	F	F	118	120	151	163	141	141	191	191	133	136	133	133	238	241	247	247	279	279	168	170																																																																						
211	2010-04-21	F	F	F	118	118	163	163	138	141	191	194	133	139	124	142	238	238	247	247	288	288	170	170																																																																						
212	2010-04-21	F	F	F	120	120	163	166	138	138	191	191	136	136	124	127	241	241	247	250	285	288	168	170																																																																						
213	2010-04-21	F	F	F	118	124	163	163	132	141	191	191	133	136	133	136	241	241	247	250	288	288	170	170																																																																						
214	2010-04-21	F	F	F	118	118	163	166	138	138	191	191	133	133	133	133	238	238	247	247	282	282	168	170																																																																						
215	2010-04-21	F	F	F	118	120	163	163	138	141	191	191	133	133	124	127	238	238	247	247	288	288	170	170																																																																						
224	2010-05-05	G	H	H	114	114	163	163	135	141	191	191	133	133	133	133	238	238	244	247	288	288	170	170																																																																						
225	2010-05-05	F	H	H	118	118	163	163	141	141	191	191	133	133	133	133	238	238	247	247	288	288	170	170																																																																						
226	2010-05-05	F	F	F	118	118	163	163	141	141	191	191	133	136	133	133	241	241	247	247	282	285	170	170																																																																						
227	2010-05-05	F	F	F	118	120	163	163	141	141	191	191	136	136	127	133	238	238	247	250	288	291	170	170																																																																						
228	2010-05-05	F	F	F	116	118	163	163	141	141	191	191	133	142	133	133	238	241	247	247	291	291	170	170																																																																						
229	2010-05-05	F	H	H	118	118	163	163	141	141	191	191	133	133	130	130	238	238	247	247	285	285	168	168																																																																						
230	2010-05-05	F	F	F	118	120	163	163	141	141	191	191	133	133	133	133	238	238	247	247	288	288	170	170																																																																						
231	2010-05-05	F	F	F	118	120	163	163	168	144	191	191	136	136	130	130	238	238	247	247	288	300	170	170																																																																						
232	2010-05-05	F	F	F	118	118	163	163	138	141	191	194	133	133	127	133	238	238	247	247	282	300	170	170																																																																						
233	2010-05-05	F	F	F	124	124	163	163	138	141	191	191	133	136	133	133	238	238	247	247	288	294	170	170																																																																						
233	2010-05-05	F	F	F	120	120	163	163	138	144	191	191	136	136	127	127	241	241	241	247	285	288	170	170																																																																						
235	2010-05-05	F	F	F	118	120	163	163	141	141	191	191	133	133	124	124	238	238	247	247	288	288	170	170																																																																						
236	2010-05-05	F	F	F	118	120	163	166	138	141	191	191	133	133	133	133	238	238	247	247	291	291	170	170																																																																						
237	2010-05-05	F	F	F	118	126	163	163	141	141	191	191	133	133	130	130	238	238	247	247	282	282	170	170																																																																						
238	2010-05-05	F	F	F	120	120	163	163	168	141	191	191	133	136	127	133	238	241	247	247	294	294	170	170																																																																						
239	2010-05-05	F	F	F	118	120	163	163	141	141	191	191	133	136	127	127	241	241	247	247	288	288	170	170																																																																						
240	2010-05-05	F	F	F	118	120	163	163	138	141	191	191	136	136	124	130	241	241	247	247	288	291	170	170																																																																						
241	2010-05-05	F	F	F	118	126	163	163	141	141	191	191	133	133	133	133	238	238	247	247	282	282	170	170																																																																						
242	2010-05-05	F	F	F	120	122	163	163	141	144	191	191	133	133	127	133	238	238	247	247	288	288	170	170																																																																						
243	2010-05-05	F	F	F	114	116	157	163	141	141	191	191	133	136	124	133	241	241	247	247	288	288	170	170																																																																						
244	2010-05-05	F	F	F	116	122	163	166	138	141	191	191	133	136	124	127	241	241	247	247	288	288	170	170																																																																						
245	2010-05-05	F	F	F	118	120	163	163	141	141	191	191	133	139	133	133	238	238	247	247	288	291	170	170																																																																						
246	2010-05-05	F	F	F	120	122	163	163	141	144	191	191	133	136	127	127	238	241	244	247	288	291	170	170																																																																						
247	2010-05-05	F	F	F	118	120	163	163	138	141	191	191	133	133	133	133	238	238	247	247	288	288	170	170																																																																						
248	2010-05-05	F	F	F	116	118	163	163	141	141	191	197	136	136	133	133	241	241	247	247	291	291	170	170																																																																						
249	2010-05-05	F	F	F	116	120	163	163	141	141	191	191	133	133	124	133	238	238	247	247	288	288	170	170																																																																						
250	2010-05-05	F	F	F	116	118	163	163	141	141	191	191	133	133	133	133	241	241	247	247	282	282	170	170																																																																						
251	2010-05-05	F	H	H	118	118	163	163	141	141	191	191	133	133	133	133	238	241	247	247	297	297	170	170																																																																						
252	2010-05-05	F	F	F	112	120	163	163	141	147	191	191	133	133	127	133	238	241	247	247	300	300	168	170																																																																						
253	2010-05-05	F	H	H	118	118	163	163	135	144	191	194	133	133	124	124	238	238	247	247	282	282	168	168																																																																						
254	2010-05-05	F	F	F	118	120	163	163	138	141	191	191	133	133	127	127	238	238	247	247	288	288	170	170																																																																						
255	2010-05-05	F	F	F	118	120	163	163	141	141	191	191	133	133	124	133	238	238	247	247	288	288	168	168																																																																						
256	2010-05-05	F	F	F	122	122	163	163	141	141	191	194	133	133	127	133	238	238	247	247	288	288	170	170																																																																						
257	2010-05-05	F	F	F	118	120	163	163	141	141	194	194	133	133	130	130	238	238	247	247	291	291	168	168																																																																						
258	2010-05-05	F	F	F	118	122	160	163	138	144	191	191	133	142	130	130	0	0	247	247	300	300	168	170																																																																						
259	2010-05-05	F	F	F	118	120	163	163	138	141	191	191	133	133	124	133	238	238	247	247	288	288	168	168																																																																						
260	2010-05-05	F	F	F	118	120	163	163	141	141	191	191	133	136	127	133	238	238	247	247	288	288	168	168																																																																						
261	2010-05-05	F	F	F	118	118	163	163	141	141	191	191	133	133	130	130	238	238	247	247	282	282	168	168																																																																						
262	2010-05-05	F	H	H	118	124	163	163	141	141	191	191	133	133	127	130	238	238	247	247	285	288	168	168																																																																						
263	2010-05-05	F	F	F	118	126	163	163	141	141	191	191	133	133	127	133	238	238	247	247	291	291	170	170																																																																						
264	2010-05-05	F	H	H	118	118	163	163	138	141	191	194	133	133	127	133	238	241	247	247	285	288	168	170																																																																						
265	2010-05-05	F	F	F	116	120	163	166	138	141	191	194	133	133	124	124	238	238	247	247	282	282	168	168																																																																						
266	2010-05-05	F	F	F	118	120	163	163	141	141	191	191	133	136	124	124	241	241	247	247	285	285	168	170																																																																						
267	2010-05-05	F	F	F	120	122	163	163	138	141	191	191	133	136	133	133	241	241	244	247	288	288	170	170																																																																						
268	2010-05-05	F	F	F	112	118	163	163	141	141	191	197	133	133	130	130	238	238	247	247	291	294	170	170																																																																						
269	2010-05-05	F	F	F	116	118	163	163	138	138	191	191	133	133	124	133	238	238	247	247	282	282	170	170																																																																						
270	2010-05-05	F	H	H	118	120	163	163	138	144	191	197	133	133	133	133	238	238	247	247	288	291	168	168																																																																						
273	2010-05-18	F	F	F	116	118	163	163	138	141	191	191	133	133	124	133	238	238	247	247	288	291	168	170																																																																						
274	2010-05-18	F	F	F	118	120	163	163	141	144	191	194	133	136	124	127	238	238	247	247	288	288	170	170																																																																						
275	2010-05-18	F	F	F	118	120	163	163	141	141	191	191	133	136	127	133	241	241	247	247	291	291	168	170																																																																						
276	2010-05-18	F	F	F	118	120	163	163	141	141	191	194	133	136	124	133	241	241	247	247	282	291	168	170																																																																						
277	2010-05-18	F	F	F	118	120	163	163	141	141	191	191	133	139	124	127	244	244	247	247	288	288	170	170																																																																						
278	2010-05-18	F	F	F	118	120	163	163	132	132	191	191	133	133	124	133	238	238	247	247	291	291	170	170																																																																						
279	2010-05-18	F	F	F	118	120	163	163	141	141	194	194	133	136	124	136	241	241	247	250	288	288	168	170																																																																						
280	2010-05-18	F	F	F	118	120	163	163	141	141	191	197	133	133	133	139	238	238	247	247	303	303	170	170																																																																						
281	2010-05-18	F	F	F	118	120	163	163	138	141	191	191	133	133	124	124	238	238	247	250	294	294	170	170																																																																						
282	2010-05-18	F	F	F	118	120	163	163	141	141	191	191	133	136	133	133	238	238	244	247	285	288	170	170																																																																						
283	2010-05-18	F	F	F	118	118	163	163	141	141	191	191	133	136	133	133	238	238	247	247	291	291	168	170																																																																						
284	2010-05-18	F	F	F	120	120	163	163	141	141	191	191	133	133	133	133	238	238	247	247	288	291	170	170																																																																						
285	2010-05-18	F	F	F	118	120	160	163	0	0	191	191	133	133	124	133	241	241	247	247	288	288	170	170																																																																						
286	2010-05-18	F	F	F	118	118	163	163	141	141	191	191	133	133	133	133	238	238	247	250	282	282	170	170																																																																						
287	2010-05-18	F	H	H	118	118	163	163	141	141	191	197	133	133	127	133	238	241	247	247	291	297	170	170																																																																						
288	2010-05-18	F	F	F	118	120	163	163	138	141	191	194	136	136	133	133	241	241	247	247	288	294	170	170																																																																						
289	2010-05-18	F	F	F	120	120	163	163	141	141	191	197	133	136	124	133	238	241	247	247	288	288	170	170																																																																						
290	2010-05-18	F	F	F	118	120	163	163	132	141	191	191	133	136	133	133	241	241	247	250	291	291	170	170																																																																						
291	2010-05-18	F	F	F	120	120	163	163	138	144	191	191	133	133	133	133	238	238	247	247	288	297	170	170																																																																						
292	2010-05-18	F	F	F	118	120	163	163	138	141	191	191	133	136	133	136	238	241	247	247	285	288	168	170																																																																						
293	2010-05-18	F	F	F	118	118	163	163	141	144	191	191	136	136	124	127	241	241	241	247	297	297	170	170																																																																						
294	2010-05-18	F	F	F	116	116	163	163	141	141	191	191	133	133	124	133	238	241	247	247	291	291	170	170																																																																						
295	2010-05-18	F	F	F	118	120	163	163	141	141	191	191	133	133	121	127	238	238	247	247	288	297	168	170																																																																						
296	2010-05-18	F	F	F	120	120	163	163	141	141	191	191	133	133	124	136	238	241	247	247	288	303	170	170																																																																						
297	2010-05-18	F	F	F	118	120	163	163	141	141	194	194	133	133	127	130	238	238	247	247	291	291	170	170																																																																						
298	2010-05-18	F	F	F	118	120	157	163	138	141	194	194	133	136	127	133	238	238	247	247	291	291	170	170																																																																						
299	2010-05-18	F	F	F	118	120	163	163	141	141	203	203	133	133	124	133	238	238	247	250	291	291	170	170																																																																						
300	2010-05-18	F	F	F	120	122	163	166	141	141	191	194	133	133	124	130	238	238	247	247	282	282	170	170																																																																						
301	2010-05-18	F	F	F	118	120	163	163	138	141	191	191	133	136	124	133	238	241	247	250	282	282	170	170																																																																						
302	2010-05-18	F	F	F	118	118	163	163	141	141	188	191	133	133	133	133	238	238	247	247	291	297	170	170																																																																						
303	2010-05-18	F	F	F	116	118	163	163	141	141	191	194	133	133	133	133	238	238	0	0	288	288	170	170																																																																						
304	2010-05-18	F	H	H	118	120	160	163	138	141	191	194	133	133	133	133	238	238	247	247	285	285	168	170																																																																						
305	2010-05-18	F	F	F	118	120	163	163	138	141	191	191	133	133	124	133	238	238	247	247	291	291	170	170																																																																						
306	2010-05-18	F	F	F	118	120	163	163	138	144	191	191	136	136	124	133	241	241	247	247	297	297	170	170																																																																						
307	2010-05-18	F	F	F	118	120	163	163	0	0	191	191	133	133	133	133	238	238	247	247	279	291	170	170																																																																						
308	2010-05-18	F	F	F	120	120	163	163	138	141	191	191	133	136	124	142	241	241	247	247	291	291	170	170																																																																						
309	2010-05-18	F	F	F	118	120	163	166	138	141	191	191	133	133	124	133	238	238	247	247	294	294	170	170																																																																						
310	2010-05-18	F	F	F	120	120	163	166	141	141	191	191	133	133	124	133	238	238	247	247	282	282	170	170																																																																						
311	2010-05-18	F	F	F	112	118	163	163	141	141	191	191	133	133	133	133	238	238	247	247	291	291	168	170																																																																						
312	2010-05-18	F	F	F	118	120	163	163	141	141	191	191	133	136	127	133	238	241	247	247	288	291	170	170																																																																						
313	2010-05-18	F	F	F	118	120	163	163	141	141	191	191	133	133	127	142	238	238	247	247	285	291	168	170																																																																						
314	2010-05-18	F	F	F	118	120	163	163	141	141	191	191	133	139	133	136	244	244	0	0	291	291	170	170																																																																						
315	2010-05-18	F	F	F	118	118	163	163	138	141	191	191	133	136	133	133	238	241	247	250	288	288	170	170																																																																						
316	2010-05-18	F	F	F	118	120	163	175	141	141	191	191	133	133	133	136	238	238	247	247	282	300	168	170																																																																						
317	2010-05-18	F	F	F	118	120	163	163	141	141	191	191	133	133	124	133	238	238	247	250	291	291	168	170																																																																						
318	2010-05-18	F	F	F	118	120	163	163	141	141	185	191	133	136	127	133	241	241	247	247	282	291	170	170																																																																						
319	2010-05-18	F	F	F	118	126	163	163	141	141	191	194	133	139	124	133	241	241	247	247	291	291	170	170																																																																						
320	2010-05-18	F	F	F	0	0	163	163	141	141	191	191	133	133	124	130	238	238	247	247	282	285	170	170																																																																						
330	2010-06-03	F	F	F	118	120	163	163	141	141	191	191	133	136	127	133	238	238	247	247	282	282	170	170																																																																						
331	2010-06-03	F	F	F	120	126	163	163	141	141	191	194	133	136	133	133	241	241	247	247	282	282	170	170																																																																						
332	2010-06-03	F	F	F	118	120	163	163	141	141	191	197	133	136	133	133	241	241	247	247	282	288	170	170																																																																						
333	2010-06-03	F	F	F	112	118	163	163	141	141	188	188	133	136	130	133	238	238	247	250	288	288	170	170																																																																						
334	2010-06-03	F	F	F	118	120	163	163	141	141	191	197	133	136	0	0	238	241	247	247	294	294	170	170																																																																						
335	2010-06-03	F	F	F	118	120	163	163	141	141	191	197	133	136	124	124	238	241	247	247	282	288	168	168																																																																						
336	2010-06-03	F	F	F	120	120	163	163	141	141	191	191	133	136	133	133	238	238	247	247	294	294	170	170																																																																						
337	2010-06-03	F	F	F	118	120	163	163	141	141	191	194	133	136	124	133	238	241	247	247	291	291	170	170																																																																						
338	2010-06-03	F	F	F	118	122	163	163	141	141	191	191	133	133	124	133	238	238	247	247	282	300	170	170																																																																						
339	2010-06-03	F	F	F	120	126	163	163	141	141	191	194	133	136	127	130	241	241	247	247	288	291	170	170																																																																						
340	2010-06-03	F	F	F	118	120	163	163	141	144	191	191	133	133	127	133	238	238	247	250	282	291	170	170																																																																						
341	2010-06-03	F	F	F	116	120	163	163	141	141	191	197	133	133	0	0	238	238	247	247	282	282	170	170																																																																						
342	2010-06-03	F	F	F	118	120	163	163	141	141	191	197	133	136	133	133	238	241	247	247	282	288	168	170																																																																						
343	2010-06-03	F	F	F	118	120	163	163	141	141	185	194	136	136	124	127	238	241	247	247	291	291	170	170																																																																						
344	2010-06-03	F	F	F	118	120	163	163	141	141	0	0	133	136	127	127	238	241	247	250	291	291	168	170																																																																						
345	2010-06-03	F	F	F	118	120	163	163	141	141	191	191	133	136	127	127	238	241	247	247	282	282	168	168																																																																						
346	2010-06-03	F	F	F	118	120	163	163	141	141	191	194	133	133	133	133	238	238	247	247	291	300	170	170																																																																						
347	2010-06-03	F	F	F	118	120	163	163	141	141	191	191	133	133	127	127	238	238	247	247	282	282	170	170																																																																						
348	2010-06-03	F	F	F	0	0	163	163	141	141	191	191	133	133	0	0	238	238	247	247	282	288	168	170																																																																						
349	2010-06-03	F	F	F	116	118	163	163	141	141	194	194	133	133	127	139	238	238	247	247	288	288	170	170																																																																						
350	2010-06-03	F	F	F	116	118	163	163	141	141	191	191	133	133	133	133	238	238	247	247	288	291	170	170																																																																						
351	2010-06-03	F	F	F	116	118	157	163	141	141	191	191	133	133	124	133	238	241	247	247	288	291	168	168																																																																						
352	2010-06-03	F	F	F	116	118	163	163	141	141	191	194	133	136	127	133	238	241	247	247	294	294	168	168																																																																						
353	2010-06-03	F	F	F	118	120	163	163	138	141	191	191	133	133	127	133	238	238	247	247	282	288	170	170																																																																						
354	2010-06-03	F	F	F	118	118	163	163	141	141	194	194	133	133	130	130	238	238	247	250	288	288	170	170																																																																						
355	2010-06-03	F	F	F	118	120	163	163	141	144	191	197	133	133	130	130	238	238	247	247	282	282	168	170																																																																						
356	2010-06-03	F	F	F	118	118	163	163	141	141	191	197	133	136	124	130	241	241	247	247	288	288	170	170																																																																						
357	2010-06-03	F	F	F	116	118	163	163	141	141	191	197	133	133	124	124	238	238	247	247	288	288	170	170																																																																						
358	2010-06-03	F	F	F	116	120	163	163	141	141	191	191	136	136	133	133	238	241	247	247	285	288	168	170																																																																						
359	2010-06-03	F	F	F	116	120	163	163	141	141	191	197	133	133	121	133	238	238	247	247	288	294	170	170																																																																						
360	2010-06-03	F	F	F	118	120	163	163	141	141	191	191	133	133	133	133	238	238	247	250	291	291	168	170																																																																						
361	2010-06-03	F	F	F	126	126	163	163	141	141	191	191	133	133	127	136	238	238	247	247	288	291	170	170																																																																						
362	2010-06-03	F	F	F	118	120	163	163	141	141	191	191	133	133	130	130	238	241	247	247	282	282	170	170																																																																						
363	2010-06-03	F	F	F	118	120	163	163	141	141	191	191	133	133	130	130	238	238	247	247	288	288	170	170																																																																						
364	2010-06-03	F	F	F	118	120	163	163	141	141	191	191	133	136	124	133	241	241	247	247	288	303	170	170																																																																						
365	2010-06-03	F	F	F	118	118	163	163	141	141	191	191	133	136	127	127	238	241	247	247	288	288	170	170																																																																						
366	2010-06-03	F	F	F	118	122	163	163	141	144	191	191	133	133	124	124	238	241	244	247	288	288	170	170																																																																						
367	2010-06-03	G	H	H	114	114	163	163	135	141	191	191	133	133	133	133	238	241	244	247	291	303	170	170																																																																						
368	2010-06-03	F	F	F	118	118	163	163	141	141	191	191	133	133	127	133	241	241	247	247	291	291	170	170																																																																						
369	2010-06-03	F	F	F	120	124	163	163	141	141	191	191	133	136	124	133	238	241	247	247	291	291	170	170																																																																						
370	2010-06-03	F	F	F	120	120	163	163	141	141	191	197	133	136	133	133	241	241	247	247	282	282	170	170																																																																						
371	2010-06-03	F	F	F	118	120	163	163	141	141	191	191	133	133	130	130	238	238	244	247	282	282	170	170																																																																						
372	2010-06-03	F	F	F	120	122	163	163	141	141	191	191	133	133	124	124	238	238	247	247	279	288	168	170																																																																						
373	2010-06-03	F	F	F	118	120	163	166	141	141	191	191	133	136	130	130	238	241	247	250	291	291	170	170																																																																						
374	2010-06-03	F	F	F	118	120	163	163	141	141	191	191	133	136	133	133	238	241	247	247	288	288	170	170																																																																						
375	2010-06-03	F	F	F	118	120	163	163	141	144	191	191	133	136	127	130	241	241	247	250	282	282	170	170																																																																						
376	2010-06-16	F	F	F	120	120	163	163	138	144	191	191	133	136	124	133	241	241	247	250	285	288	170	170																																																																						
377	2010-06-16	F	F	F	118	120	163	163	138	147	191	191	133	136	133	133	238	241	244	247	288	294	170	170																																																																						
378	2010-06-16	F	F	F	118	120	163	163	138	141	191	194	133	133	124	133	238	238	247	250	288	300	168	170																																																																						
379	2010-06-16	F	F	F	118	124	163	163	138	141	191	194	133	133	124	133	238	238	247	250	294	297	170	170																																																																						
380	2010-06-16	F	F	F	118	122	163	163	141	141	191	191	133	133	127	130	238	241	247	247	288	294	168	170																																																																						
381	2010-06-16	F	F	F	118	120	163	163	141	141	191	191	133	136	133	133	238	241	247	247	288	291	170	170																																																																						
382	2010-06-16	F	F	F	116	120	163	163	138	141	191	191	136	136	127	130	241	241	247	247	288	291	170	170																																																																						
383	2010-06-16	F	F	F	120	120	163	163	138	141	191	191	133	133	124	133	238	238	247	250	285	294	170	170																																																																						
384	2010-06-16	F	F	F	118	120	157	163	141	141	191	191	133	133	133	133	238	238	247	250	288	291	168	170																																																																						
385	2010-06-16	F	F	F	120	120	163	163	138	141	191	194	133	133	0	0	238	238	247	250	288	291	170	170																																																																						
386	2010-06-16	F	F	F	116	120	163	175	141	141	191	191	133	136	124	133	238	241	247	247	288	288	170	170																																																																						
387	2010-06-16	F	F	F	118	118	160	163	138	141	191	191	133	133	124	133	238	238	247	247	288	297	170	170																																																																						
388	2010-06-16	F	F	F	120	120	163	163	141	141	191	191	133	133	124	133	238	241	247	247	291	291	170	170																																																																						
389	2010-06-16	F	F	F	0	0	163	163	138	141	191	191	130	133	124	133	238	238	247	247	288	288	170	170																																																																						
390	2010-06-16	F	F	F	120	120	163	163	141	141	191	191	133	136	121	127	238	241	247	250	288	291	170	170																																																																						
391	2010-06-16	F	F	F	118	120	163	163	141	141	191	191	133	133	0	0	238	238	247	247	288	291	170	170																																																																						
392	2010-06-16	F	F	F	118	120	163	163	141	141	191	191	133	133	124	127	238	238	247	247	288	294	170	170																																																																						
393	2010-06-16	F	F	F	118	118	163	163	141	144	191	191	133	136	133	133	238	241	247	247	288	291	168	170																																																																						
394	2010-06-16	F	F	F	118	120	163	163	141	141	191	191	133	133	127	133	238	238	247	247	282	300	170	170																																																																						
395	2010-06-16	F	F	F	118	120	163	163	138	141	191	194	139	139	124	133	241	244	247	250	288	288	168	170																																																																						
396	2010-06-16	F	F	F	118	120	163	163	141	144	191	194	133	133	130	133	238	241	247	247	288	288	170	170																																																																						
397	2010-06-16	F	F	F	116	120	163	163	141	141	191	191	133	133	130	133	238	238	247	250	288	288	170	170																																																																						
398	2010-06-16	F	F	F	118	118	163	163	138	141	191	191	133	136	133	133	241	241	247	247	288	294	168	168																																																																						
399	2010-06-16	F	F	F	120	120	163	163	138	141	191	191	133	133	124	127	238	238	247	247	291	291	170	170																																																																						
400	2010-06-16	F	F	F	118	118	163	163	138	141	191	191	133	133	130	133	238	238	247	247	288	294	170	170																																																																						
401	2010-06-16	F	F	F	118	118	163	163	138	141	191	191	133	136	124	133	241	241	247	247	288	294	170	170																																																																						
402	2010-06-16	F	F	F	120	120	163	163	138	141	191	191	133	136	127	136	241	247	247	247	291	291	170	170																																																																						
403	2010-06-16	F	F	F	116	118	163	163	141	141	191	191	133	133	133	133	238	244	247	247	282	282	170	170																																																																						
404	2010-06-16	F	F	F	118	120	163	163	141	141	191	191	133	133	133	133	238	241	247	250	282	282	168	168																																																																						
405	2010-06-16	F	F	F	120	120	160	163	141	141	191	191	136	136	127	133	241	241	247	247	294	294	170	170																																																																						
406	2010-06-16	F	F	F	118	120	163	163	138	141	191	194	133	136	133	133	238	241	247	247	291	291	170	170																																																																						
407	2010-06-16	F	F	F	120	124	163	163	141	141	191	191	133	133	127	133	238	238	247	247	291	291	170	170																																																																						
408	2010-06-16	F	F	F	120	120	163	163	141	144	191	194	133	136	133	133	238	241	247	247	282	282	168	170																																																																						
409	2010-06-16	F	F	F	120	120	163	163	138	141	191	191	133	133	133	142	238	238	247	250	291	291	170	170																																																																						
410	2010-06-16	F	F	F	116	120	163	163	138	141	191	194	136	136	124	133	238	238	247	250	288	288	170	170																																																																						
411	2010-06-16	F	F	F	118	120	163	163	141	141	191	191	136	136	124	133	241	241	247	247	282	288	168	170																																																																						
412	2010-06-16	F	F	F	118	122	163	163	138	144	191	194	133	133	124	133	238	244	247	247	282	291	170	170																																																																						
413	2010-06-16	F	H	H	118	118	163	163	141	141	191	191	133	133	133	133	238	238	247	247	297	300	170	170																																																																						
414	2010-06-16	F	H	H	118	120	163	163	135	141	191	191	133	133	133	133	238	238	247	253	276	282	170	170																																																																						
415	2010-06-16	F	F	F	124	124	163	163	141	141	191	194	133	133	124	133	238	238	247	250	288	291	168	168																																																																						
416	2010-06-16	F	F	F	118	120	163	163	141	141	191	191	133	133	133	133	238	238	247	247	288	297	170	170																																																																						
417	2010-06-16	F	F	F	118	120	163	163	138	138	191	191	133	136	124	133	238	241	247	247	288	291	170	170																																																																						
418	2010-06-16	F	F	F	116	126	163	163	138	141	191	191	133	133	124	136	238	238	247	247	282	291	170	170																																																																						
419	2010-06-16	F	F	F	118	122	163	166	141	141	191	191	133	139	124	133	238	238	244	247	297	297	170	170																																																																						
420	2010-06-16	F	F	F	118	118	163	163	138	141	191	191	133	133	124	133	238	241	244	247	288	294	168	170																																																																						
421	2010-06-16	F	F	F	120	120	163	163	138	141	191	191	133	136	127	133	238	241	247	247	282	297	170	170																																																																						
422	2010-06-16	F	F	F	116	120	163	163	138	141	191	191	133	133	124	133	238	244	247	247	282	282	168	170																																																																						
433	2010-07-07	F	F	F	118	120	163	163	141	141	191	191	133	133	127	127	241	241	247	247	282	282	170	170																																																																						
434	2010-07-07	F	F	F	118	120	163	163	141	141	191	191	136	136	133	133	241	241	247	247	282	282	170	170																																																																						
435	2010-07-07	F	F	F	118	120	163	163	141	141	191	191	133	133	124	127	238	238	247	247	282	288	170	170																																																																						
436	2010-07-07	F	F	F	118	118	157	163	138	141	191	194	133	133	127	127	238	244	247	247	288	294	170	170																																																																						
437	2010-07-07	F	H	H	118	122	163	163	141	141	191	194	133	133	133	133	238	238	247	247	285	285	170	170																																																																						
438	2010-07-07	F	F	F	120	120	163	163	138	138	191	191	133	136	133	133	241	241	247	247	288	297	170	170																																																																						
439	2010-07-07	F	F	F	118	120	163	163	138	141	191	191	133	142	133	133	238	238	247	247	288	288	170	170																																																																						
440	2010-07-07	F	F	F	118	118	163	163	141	141	191	191	133	136	124	127	238	238	247	247	288	288	170	170																																																																						
441	2010-07-07	F	F	F	120	122	163	163	141	141	191	191	133	136	133	133	238	238	247	247	282	282	168	170																																																																						
442	2010-07-07	F	F	F	114	116	163	163	138	141	191	191	133	133	133	133	238	238	247	247	282	282	170	170																																																																						
443	2010-07-07	F	F	F	118	118	163	166	138	141	191	191	136	136	133	133	241	241	247	247	288	288	170	170																																																																						
444	2010-07-07	F	F	F	116	118	163	163	141	141	191	191	133	133	133	133	238	238	247	247	288	300	170	170																																																																						
445	2010-07-07	F	F	F	120	120	163	163	129	141	191	191	133	133	124	124	238	238	247	247	288	288	170	172																																																																						
446	2010-07-07	F	F	F	116	118	163	163	138	141	191	191	133	136	127	133	241	241	241	247	291	291	170	170																																																																						
447	2010-07-07	F	F	F	118	118	163	163	141	141	191	191	133	133	124	127	238	238	247	247	291	291	168	170																																																																						
448	2010-07-07	F	F	F	118	120	163	163	138	141	191	191	133	136	130	130	241	241	247	247	291	291	170	170																																																																						
449	2010-07-07	F	F	F	118	120	163	163	141	141	191	191	127	133	124	133	232	238	247	247	288	291	170	170																																																																						
450	2010-07-07	F	F	F	118	120	163	163	141	147	191	191	133	136	124	127	238	241	247	247	297	297	170	170																																																																						
451	2010-07-07	F	F	F	118	118	163	163	138	141	191	191	133	133	127	139	238	238	247	247	288	291	170	170																																																																						
452	2010-07-07	F	F	F	118	120	163	163	141	141	191	191	133	136	124	124	238	241	247	247	291	291	170	170																																																																						
453	2010-07-07	F	F	F	118	122	163	163	138	141	191	194	133	136	127	133	238	241	247	247	285	288	170	170																																																																						
454	2010-07-07	F	F	F	118	126	163	163	141	144	191	191	136	139	124	127	238	244	247	247	288	288	170	170																																																																						
455	2010-07-07	F	F	F	118	120	163	163	141	141	191	191	133	133	133	133	238	238	247	247	288	294	168	170																																																																						
456	2010-07-07	F	F	F	116	118	163	163	138	141	191	191	133	133	127	133	238	238	247	247	288	291	168	170																																																																						
457	2010-07-07	F	F	F	120	122	163	163	141	141	191	191	133	136	127	133	241	241	247	247	291	291	170	170																																																																						
458	2010-07-07	F	F	F	120	120	163	163	138	141	191	191	136	136	124	133	241	241	247	247	288	288	170	170																																																																						
459	2010-07-07	F	F	F	120	120	163	163	141	144	191	191	139	142	130	130	244	244	247	247	297	297	170	170																																																																						
460	2010-07-07	F	F	F	118	118	163	163	141	141	191	191	133	133	124	133	238	238	247	247	288	291	170	170																																																																						
461	2010-07-07	F	F	F	118	120	163	163	141	141	191	191	133	133	127	133	238	238	247	247	291	291	170	170																																																																						
462	2010-07-07	F	F	F	120	120	163	163	141	141	191	191	133	133	124	133	238	241	244	247	288	288	170	170																																																																						
463	2010-07-07	F	F	F	118	120	163	163	141	141	191	191	133	136	133	133	238	241	247	247	288	291	168	170																																																																						
464	2010-07-07	F	F	F	118	118	163	163	141	141	191	191	133	136	124	127	241	241	247	247	288	294	170	170																																																																						
465	2010-07-07	F	F	F	118	120	163	163	141	141	191	191	133	133	124	133	238	238	247	247	297	297	170	170																																																																						
466	2010-07-07	F	F	F	118	120	163	163	141	141	191	197	136	136	124	124	241	241	247	247	288	291	170	170																																																																						
467	2010-07-07	F	F	F	118	120	163	163	138	141	191	191	133	136	124	133	241	241	247	247	0	0	170	170																																																																						
468	2010-07-07	F	F	F	118	120	163	163	141	141	191	191	133	133	133	133	238	238	247	247	282	282	170	170																																																																						
469	2010-07-07	F	F	F	118	118	163	163	141	141	191	191	133	133	130	130	238	238	247	247	288	288	170	170																																																																						
470	2010-07-07	F	F	F	116	120	163	163	141	141	191	197	133	133	130	130	238	238	247	247	297	297	170	170																																																																						
471	2010-07-07	F	F	F	118	120	163	163	141	144	191	191	133	133	124	133	241	241	247	247	288	294	168	170																																																																						
472	2010-07-07	F	F	F	118	120	163	166	138	141	191	191	133	133	127	127	238	238	247	247	288	288	170	170																																																																						
473	2010-07-07	F	F	F	112	118	163	163	141	144	191	191	133	133	127	133	238	238	247	247	288	291	168	170																																																																						
474	2010-07-07	F	F	F	118	120	163	163	141	141	191	191	133	136	124	124	241	241	247	247	285	291	170	170																																																																						
475	2010-07-07	F	H	H	118	118	163	163	138	141	191	191	133	136	133	133	241	241	247	247	285	285	168	170																																																																						
476	2010-07-07	F	F	F	118	118	163	163	141	141	191	191	133	133	133	136	238	238	247	247	282	282	170	170																																																																						
477	2010-07-07	F	F	F	118	120	163	163	141	141	191	197	136	136	124	127	238	241	247	247	288	288	170	170																																																																						
478	2010-07-07	F	F	F	118	120	163	163	138	141	191	191	133	133	130	130	238	241	247	247	288	288	168	170																																																																						
479	2010-07-07	F	F	F	118	118	163	163	138	141	191	191	133	133	124	133	238	238	247	247	282	291	168	170																																																																						
483	2010-07-21	F	F	F	116	120	163	163	138	141	191	191	133	133	130	133	238	238	247	247	291	291	168	170																																																																						
484	2010-07-21	F	F	F	120	126	163	163	141	141	191	191	133	133	133	133	238	238	247	247	291	291	170	170																																																																						
485	2010-07-21	F	F	F	118	126	163	163	141	141	191	191	133	136	124	133	241	241	244	247	291	291	170	170																																																																						
486	2010-07-21	F	F	F	120	122	163	163	141	141	191	191	133	133	127	133	238	238	244	247	288	288	170	170																																																																						
487	2010-07-21	F	F	F	118	118	163	163	141	141	191	194	133	133	127	130	238	238	247	250	288	288	170	170																																																																						
488	2010-07-21	F	F	F	120	122	163	163	141	141	191	191	133	133	124	133	238	238	247	250	282	297	170	170																																																																						
489	2010-07-21	F	F	F	120	120	163	163	141	141	191	191	133	133	124	133	238	238	247	250	282	282	170	170																																																																						
490	2010-07-21	F	F	F	118	120	163	163	138	141	191	191	133	133	133	133	238	238	247	247	288	288	170	170																																																																						
491	2010-07-21	F	F	F	116	116	163	175	141	141	191	194	133	133	127	133	238	238	247	253	288	288	168	170																																																																						
492	2010-07-21	F	F	F	118	126	163	163	138	141	191	194	133	133	124	133	238	238	247	247	282	288	170	170																																																																						
493	2010-07-21	F	F	F	118	120	163	163	138	141	191	191	133	133	124	133	238	238	247	247	291	291	168	168																																																																						
494	2010-07-21	F	F	F	118	120	163	163	138	144	191	191	133	133	124	133	238	238	247	247	285	294	170	170																																																																						
495	2010-07-21	F	F	F	120	120	163	163	138	144	191	191	133	136	133	133	241	241	247	247	288	288	168	170																																																																						
496	2010-07-21	F	H	H	118	118	163	163	141	141	191	191	136	136	124	136	238	241	247	247	285	285	168	168																																																																						
497	2010-07-21	F	F	F	118	120	163	163	138	144	191	191	133	133	124	133	238	238	247	247	291	291	170	170																																																																						
499	2010-07-21	F	F	F	118	124	163	163	141	141	191	191	133	136	124	127	238	247	247	253	291	291	168	170																																																																						
500	2010-07-21	F	F	F	120	120	157	163	141	141	191	194	133	136	127	133	238	241	247	247	297	297	170	170																																																																						
501	2010-07-21	F	F	F	118	118	163	163	141	141	191	191	136	136	133	133	241	241	247	247	282	282	170	170																																																																						
502	2010-07-21	F	F	F	118	118	157	157	138	144	191	191	133	136	124	133	241	241	247	250	291	291	170	170																																																																						
503	2010-07-21	F	H	H	118	118	163	163	141	144	191	191	133	133	133	133	238	238	247	247	285	294	170	170																																																																						
504	2010-07-21	F	F	F	118	118	163	163	141	141	191	191	133	133	127	133	238	238	247	247	288	288	170	170																																																																						
505	2010-07-21	F	F	F	118	120	163	163	141	141	191	191	133	133	133	133	235	235	247	253	291	291	170	170																																																																						
506	2010-07-21	F	F	F	116	118	151	163	138	141	185	188	133	133	124	133	238	241	247	247	282	282	170	170																																																																						
507	2010-07-21	F	F	F	118	120	163	163	141	141	191	194	133	133	124	133	238	238	247	247	282	288	170	170																																																																						
508	2010-07-21	F	F	F	118	120	163	163	138	141	191	194	133	133	127	133	238	238	247	247	297	297	168	168																																																																						
509	2010-07-21	F	F	F	120	122	163	163	141	141	188	188	136	136	130	130	241	241	247	247	288	288	170	170																																																																						
510	2010-07-21	F	F	F	120	120	163	166	141	147	191	191	133	133	124	124	238	238	247	247	288	288	168	170																																																																						
512	2010-07-21	F	H	H	118	122	163	163	141	141	191	191	133	133	133	133	238	238	247	247	288	288	168	170																																																																						
513	2010-07-21	F	F	F	118	120	163	163	138	141	191	191	133	133	127	133	238	238	247	247	291	291	170	170																																																																						
514	2010-07-21	F	F	F	116	116	163	163	141	141	191	191	133	139	130	133	241	247	247	247	294	294	168	168																																																																						
515	2010-07-21	F	F	F	118	120	163	163	141	141	191	194	133	133	124	127	238	238	247	250	285	288	166	170																																																																						
516	2010-07-21	F	F	F	118	120	163	163	138	138	191	191	133	133	124	133	238	238	247	247	294	294	170	170																																																																						
517	2010-07-21	F	F	F	118	120	163	163	141	141	191	191	133	133	124	133	238	238	247	247	291	291	170	170																																																																						
518	2010-07-21	F	F	F	118	118	163	163	141	141	191	191	133	133	130	130	238	238	247	247	291	291	170	170																																																																						
519	2010-07-21	F	F	F	118	120	163	166	141	141	191	191	133	136	127	133	241	241	247	247	294	294	170	170																																																																						
520	2010-07-21	F	F	F	116	122	163	163	138	141	191	191	133	133	124	133	238	238	247	247	288	288	170	170																																																																						
521	2010-07-21	F	F	F	118	120	163	163	141	141	191	191	133	133	121	124	238	238	247	247	288	288	170	170																																																																						
522	2010-07-21	F	F	F	118	118	163	163	141	141	191	191	142	142	133	133	247	247	247	247	288	297	170	170																																																																						
523	2010-07-21	F	F	F	112	120	163	163	138	144	191	194	136	136	124	127	241	241	247	247	288	294	168	170																																																																						
524	2010-07-21	F	F	F	120	120	163	163	141	141	191	191	133	133	124	124	238	238	247	250	288	288	168	168																																																																						
525	2010-07-21	F	F	F	118	120	163	163	141	141	191	194	133	136	127	133	241	241	247	250	288	294	170	170																																																																						
526	2010-07-21	F	F	F	118	118	163	163	141	141	191	191	136	136	127	133	241	241	247	247	288	288	170	170																																																																						
527	2010-07-21	F	F	F	118	120	163	163	141	141	191	191	133	133	133	133	238	241	247	247	288	288	170	170																																																																						
528	2010-07-21	F	F	F	118	124	163	163	138	141	191	191	133	133	124	136	238	238	247	250	288	294	170	170																																																																						
529	2010-07-21	F	F	F	118	120	163	163	138	141	191	191	136	136	133	145	241	241	247	247	282	282	170	170																																																																						
531	2010-07-21	F	F	F	116	118	163	163	138	141	191	191	133	136	124	133	238	238	244	247	282	282	170	170																																																																						
230-2	2010-05-05	F	F	F	114	118	163	163	141	144	191	194	133	136	124	133	238	238	244	247	282	288	170	170																																																																						
511-A	2010-07-21	F	F	F	118	118	163	163	138	141	191	191	136	136	130	133	241	241	247	247	288	288	170	170																																																																						
511-B	2010-07-21	F	F	F	120	126	163	163	141	144	191	191	133	133	124	124	238	238	247	247	282	282	170	170																																																																						
